Date and Time,Value (KLBS/HR),eDNA Status as String
7/1/2017 0:00,86.189109,OK
7/1/2017 1:00,81.882976,OK
7/1/2017 2:00,83.394919,OK
7/1/2017 3:00,79.874744,OK
7/1/2017 4:00,82.980103,OK
7/1/2017 5:00,84.100344,OK
7/1/2017 6:00,83.966235,OK
7/1/2017 7:00,84.250823,OK
7/1/2017 8:00,86.507685,OK
7/1/2017 9:00,86.102052,OK
7/1/2017 10:00,84.804397,OK
7/1/2017 11:00,87.293014,OK
7/1/2017 12:00,86.331371,OK
7/1/2017 13:00,87.206575,OK
7/1/2017 14:00,89.167391,OK
7/1/2017 15:00,87.145046,OK
7/1/2017 16:00,87.392432,OK
7/1/2017 17:00,85.988041,OK
7/1/2017 18:00,86.239652,OK
7/1/2017 19:00,85.38687,OK
7/1/2017 20:00,83.715109,OK
7/1/2017 21:00,81.721008,OK
7/1/2017 22:00,83.051334,OK
7/1/2017 23:00,84.781043,OK
7/2/2017 0:00,86.039962,OK
7/2/2017 1:00,80.97492,OK
7/2/2017 2:00,81.051771,OK
7/2/2017 3:00,83.479339,OK
7/2/2017 4:00,82.821182,OK
7/2/2017 5:00,85.582396,OK
7/2/2017 6:00,85.282621,OK
7/2/2017 7:00,84.312841,OK
7/2/2017 8:00,81.89242,OK
7/2/2017 9:00,82.822406,OK
7/2/2017 10:00,84.057502,OK
7/2/2017 11:00,86.93366,OK
7/2/2017 12:00,88.367337,OK
7/2/2017 13:00,84.515052,OK
7/2/2017 14:00,84.713402,OK
7/2/2017 15:00,86.873106,OK
7/2/2017 16:00,83.808143,OK
7/2/2017 17:00,83.454373,OK
7/2/2017 18:00,82.599816,OK
7/2/2017 19:00,79.66953,OK
7/2/2017 20:00,82.340755,OK
7/2/2017 21:00,85.561895,OK
7/2/2017 22:00,82.345402,OK
7/2/2017 23:00,83.002623,OK
7/3/2017 0:00,84.526075,OK
7/3/2017 1:00,81.119273,OK
7/3/2017 2:00,81.852669,OK
7/3/2017 3:00,77.948271,OK
7/3/2017 4:00,79.692157,OK
7/3/2017 5:00,82.721464,OK
7/3/2017 6:00,82.858039,OK
7/3/2017 7:00,83.645023,OK
7/3/2017 8:00,84.348738,OK
7/3/2017 9:00,88.141047,OK
7/3/2017 10:00,89.156387,OK
7/3/2017 11:00,87.936698,OK
7/3/2017 12:00,88.496832,OK
7/3/2017 13:00,87.914658,OK
7/3/2017 14:00,88.80639,OK
7/3/2017 15:00,85.61243,OK
7/3/2017 16:00,87.295801,OK
7/3/2017 17:00,85.622843,OK
7/3/2017 18:00,83.520047,OK
7/3/2017 19:00,83.121424,OK
7/3/2017 20:00,81.739757,OK
7/3/2017 21:00,82.467497,OK
7/3/2017 22:00,83.564817,OK
7/3/2017 23:00,79.88857,OK
7/4/2017 0:00,80.21646,OK
7/4/2017 1:00,81.356315,OK
7/4/2017 2:00,81.602604,OK
7/4/2017 3:00,77.41305,OK
7/4/2017 4:00,79.299289,OK
7/4/2017 5:00,80.387973,OK
7/4/2017 6:00,82.260245,OK
7/4/2017 7:00,82.029203,OK
7/4/2017 8:00,88.873332,OK
7/4/2017 9:00,85.83174,OK
7/4/2017 10:00,85.181959,OK
7/4/2017 11:00,86.990609,OK
7/4/2017 12:00,85.437044,OK
7/4/2017 13:00,86.618147,OK
7/4/2017 14:00,87.092626,OK
7/4/2017 15:00,83.521989,OK
7/4/2017 16:00,83.323012,OK
7/4/2017 17:00,88.255826,OK
7/4/2017 18:00,84.557046,OK
7/4/2017 19:00,83.045844,OK
7/4/2017 20:00,81.591156,OK
7/4/2017 21:00,85.106799,OK
7/4/2017 22:00,79.369478,OK
7/4/2017 23:00,80.138038,OK
7/5/2017 0:00,80.83322,OK
7/5/2017 1:00,80.034211,OK
7/5/2017 2:00,81.369516,OK
7/5/2017 3:00,78.51616,OK
7/5/2017 4:00,77.60654,OK
7/5/2017 5:00,81.084755,OK
7/5/2017 6:00,80.726124,OK
7/5/2017 7:00,82.983086,OK
7/5/2017 8:00,86.365465,OK
7/5/2017 9:00,90.164364,OK
7/5/2017 10:00,90.009535,OK
7/5/2017 11:00,86.960508,OK
7/5/2017 12:00,85.625777,OK
7/5/2017 13:00,88.246664,OK
7/5/2017 14:00,85.956519,OK
7/5/2017 15:00,87.530442,OK
7/5/2017 16:00,86.184882,OK
7/5/2017 17:00,86.816096,OK
7/5/2017 18:00,85.735306,OK
7/5/2017 19:00,87.85704,OK
7/5/2017 20:00,84.679366,OK
7/5/2017 21:00,83.277753,OK
7/5/2017 22:00,83.114913,OK
7/5/2017 23:00,79.724698,OK
7/6/2017 0:00,81.183818,OK
7/6/2017 1:00,82.56494,OK
7/6/2017 2:00,81.106852,OK
7/6/2017 3:00,79.33052,OK
7/6/2017 4:00,78.754411,OK
7/6/2017 5:00,81.595047,OK
7/6/2017 6:00,81.43006,OK
7/6/2017 7:00,82.579733,OK
7/6/2017 8:00,87.813236,OK
7/6/2017 9:00,89.627897,OK
7/6/2017 10:00,90.497043,OK
7/6/2017 11:00,91.129355,OK
7/6/2017 12:00,87.825818,OK
7/6/2017 13:00,84.809091,OK
7/6/2017 14:00,91.306136,OK
7/6/2017 15:00,86.334798,OK
7/6/2017 16:00,86.881809,OK
7/6/2017 17:00,84.169356,OK
7/6/2017 18:00,84.347267,OK
7/6/2017 19:00,83.185025,OK
7/6/2017 20:00,80.736419,OK
7/6/2017 21:00,79.947585,OK
7/6/2017 22:00,82.432895,OK
7/6/2017 23:00,79.505543,OK
7/7/2017 0:00,80.263399,OK
7/7/2017 1:00,77.904997,OK
7/7/2017 2:00,79.20376,OK
7/7/2017 3:00,79.519367,OK
7/7/2017 4:00,78.758468,OK
7/7/2017 5:00,78.015137,OK
7/7/2017 6:00,80.061541,OK
7/7/2017 7:00,81.520504,OK
7/7/2017 8:00,85.462114,OK
7/7/2017 9:00,86.596826,OK
7/7/2017 10:00,87.368156,OK
7/7/2017 11:00,83.9813,OK
7/7/2017 12:00,84.498471,OK
7/7/2017 13:00,87.262665,OK
7/7/2017 14:00,87.552763,OK
7/7/2017 15:00,81.252432,OK
7/7/2017 16:00,86.691481,OK
7/7/2017 17:00,83.583523,OK
7/7/2017 18:00,82.953122,OK
7/7/2017 19:00,81.901155,OK
7/7/2017 20:00,83.112674,OK
7/7/2017 21:00,82.944386,OK
7/7/2017 22:00,84.931501,OK
7/7/2017 23:00,84.676797,OK
7/8/2017 0:00,81.187024,OK
7/8/2017 1:00,82.481742,OK
7/8/2017 2:00,82.907741,OK
7/8/2017 3:00,78.760682,OK
7/8/2017 4:00,81.125696,OK
7/8/2017 5:00,81.170187,OK
7/8/2017 6:00,85.04054,OK
7/8/2017 7:00,83.721476,OK
7/8/2017 8:00,84.031526,OK
7/8/2017 9:00,84.409449,OK
7/8/2017 10:00,84.865277,OK
7/8/2017 11:00,86.979552,OK
7/8/2017 12:00,87.309671,OK
7/8/2017 13:00,87.102338,OK
7/8/2017 14:00,87.722926,OK
7/8/2017 15:00,88.468715,OK
7/8/2017 16:00,87.568772,OK
7/8/2017 17:00,83.540023,OK
7/8/2017 18:00,84.755458,OK
7/8/2017 19:00,85.566602,OK
7/8/2017 20:00,85.742702,OK
7/8/2017 21:00,86.04684,OK
7/8/2017 22:00,85.523517,OK
7/8/2017 23:00,85.89696,OK
7/9/2017 0:00,83.234828,OK
7/9/2017 1:00,86.522698,OK
7/9/2017 2:00,84.279245,OK
7/9/2017 3:00,85.049516,OK
7/9/2017 4:00,83.961754,OK
7/9/2017 5:00,86.649271,OK
7/9/2017 6:00,87.372105,OK
7/9/2017 7:00,85.545966,OK
7/9/2017 8:00,83.955976,OK
7/9/2017 9:00,84.244948,OK
7/9/2017 10:00,87.25819,OK
7/9/2017 11:00,86.457686,OK
7/9/2017 12:00,88.314202,OK
7/9/2017 13:00,86.924447,OK
7/9/2017 14:00,86.06015,OK
7/9/2017 15:00,85.469819,OK
7/9/2017 16:00,86.511988,OK
7/9/2017 17:00,82.547683,OK
7/9/2017 18:00,84.6684,OK
7/9/2017 19:00,83.08819,OK
7/9/2017 20:00,79.870966,OK
7/9/2017 21:00,83.963569,OK
7/9/2017 22:00,82.966549,OK
7/9/2017 23:00,80.555887,OK
7/10/2017 0:00,81.739456,OK
7/10/2017 1:00,82.914752,OK
7/10/2017 2:00,79.294809,OK
7/10/2017 3:00,81.028656,OK
7/10/2017 4:00,78.962084,OK
7/10/2017 5:00,77.82503,OK
7/10/2017 6:00,79.841184,OK
7/10/2017 7:00,84.341463,OK
7/10/2017 8:00,87.048583,OK
7/10/2017 9:00,91.271661,OK
7/10/2017 10:00,97.378648,OK
7/10/2017 11:00,91.412834,OK
7/10/2017 12:00,93.09966,OK
7/10/2017 13:00,90.207795,OK
7/10/2017 14:00,90.302986,OK
7/10/2017 15:00,84.971999,OK
7/10/2017 16:00,87.518327,OK
7/10/2017 17:00,87.624389,OK
7/10/2017 18:00,87.223548,OK
7/10/2017 19:00,85.959693,OK
7/10/2017 20:00,87.459901,OK
7/10/2017 21:00,87.206976,OK
7/10/2017 22:00,83.509612,OK
7/10/2017 23:00,80.820597,OK
7/11/2017 0:00,81.078392,OK
7/11/2017 1:00,81.945723,OK
7/11/2017 2:00,81.966738,OK
7/11/2017 3:00,82.427857,OK
7/11/2017 4:00,79.447197,OK
7/11/2017 5:00,80.202834,OK
7/11/2017 6:00,82.136978,OK
7/11/2017 7:00,84.446976,OK
7/11/2017 8:00,89.926572,OK
7/11/2017 9:00,90.439389,OK
7/11/2017 10:00,91.764421,OK
7/11/2017 11:00,95.440377,OK
7/11/2017 12:00,90.208446,OK
7/11/2017 13:00,91.617127,OK
7/11/2017 14:00,91.873634,OK
7/11/2017 15:00,90.195657,OK
7/11/2017 16:00,93.348434,OK
7/11/2017 17:00,84.808563,OK
7/11/2017 18:00,87.40492,OK
7/11/2017 19:00,84.969919,OK
7/11/2017 20:00,83.623295,OK
7/11/2017 21:00,84.025871,OK
7/11/2017 22:00,81.022177,OK
7/11/2017 23:00,82.089446,OK
7/12/2017 0:00,79.590467,OK
7/12/2017 1:00,79.445384,OK
7/12/2017 2:00,80.413723,OK
7/12/2017 3:00,80.501789,OK
7/12/2017 4:00,80.505875,OK
7/12/2017 5:00,79.687468,OK
7/12/2017 6:00,83.459675,OK
7/12/2017 7:00,84.688841,OK
7/12/2017 8:00,88.093577,OK
7/12/2017 9:00,86.92416,OK
7/12/2017 10:00,87.182392,OK
7/12/2017 11:00,86.859764,OK
7/12/2017 12:00,83.675826,OK
7/12/2017 13:00,84.289697,OK
7/12/2017 14:00,85.489262,OK
7/12/2017 15:00,83.364578,OK
7/12/2017 16:00,81.58922,OK
7/12/2017 17:00,80.360318,OK
7/12/2017 18:00,82.543096,OK
7/12/2017 19:00,82.406017,OK
7/12/2017 20:00,81.129931,OK
7/12/2017 21:00,83.115997,OK
7/12/2017 22:00,80.926228,OK
7/12/2017 23:00,79.067369,OK
7/13/2017 0:00,78.740688,OK
7/13/2017 1:00,81.807988,OK
7/13/2017 2:00,76.547343,OK
7/13/2017 3:00,77.749849,OK
7/13/2017 4:00,78.788675,OK
7/13/2017 5:00,78.368314,OK
7/13/2017 6:00,82.573806,OK
7/13/2017 7:00,80.297215,OK
7/13/2017 8:00,87.26731,OK
7/13/2017 9:00,87.131256,OK
7/13/2017 10:00,89.738219,OK
7/13/2017 11:00,89.70596,OK
7/13/2017 12:00,87.155117,OK
7/13/2017 13:00,88.799759,OK
7/13/2017 14:00,89.213252,OK
7/13/2017 15:00,88.239609,OK
7/13/2017 16:00,87.501569,OK
7/13/2017 17:00,88.838876,OK
7/13/2017 18:00,88.791973,OK
7/13/2017 19:00,88.536523,OK
7/13/2017 20:00,84.802837,OK
7/13/2017 21:00,82.062458,OK
7/13/2017 22:00,82.793381,OK
7/13/2017 23:00,84.836213,OK
7/14/2017 0:00,85.939332,OK
7/14/2017 1:00,81.652267,OK
7/14/2017 2:00,80.146996,OK
7/14/2017 3:00,80.455759,OK
7/14/2017 4:00,84.251958,OK
7/14/2017 5:00,84.958725,OK
7/14/2017 6:00,84.422149,OK
7/14/2017 7:00,87.452362,OK
7/14/2017 8:00,89.490327,OK
7/14/2017 9:00,91.348684,OK
7/14/2017 10:00,90.326247,OK
7/14/2017 11:00,89.842206,OK
7/14/2017 12:00,89.552628,OK
7/14/2017 13:00,89.662807,OK
7/14/2017 14:00,88.851735,OK
7/14/2017 15:00,89.785699,OK
7/14/2017 16:00,92.010175,OK
7/14/2017 17:00,90.16955,OK
7/14/2017 18:00,89.075357,OK
7/14/2017 19:00,89.358068,OK
7/14/2017 20:00,88.903894,OK
7/14/2017 21:00,86.879008,OK
7/14/2017 22:00,89.277358,OK
7/14/2017 23:00,84.276009,OK
7/15/2017 0:00,82.731144,OK
7/15/2017 1:00,85.617281,OK
7/15/2017 2:00,84.680717,OK
7/15/2017 3:00,85.600069,OK
7/15/2017 4:00,85.794185,OK
7/15/2017 5:00,86.087405,OK
7/15/2017 6:00,84.539616,OK
7/15/2017 7:00,88.964634,OK
7/15/2017 8:00,91.801213,OK
7/15/2017 9:00,91.833487,OK
7/15/2017 10:00,91.468777,OK
7/15/2017 11:00,95.321016,OK
7/15/2017 12:00,92.210475,OK
7/15/2017 13:00,91.710721,OK
7/15/2017 14:00,91.691521,OK
7/15/2017 15:00,92.977425,OK
7/15/2017 16:00,92.580436,OK
7/15/2017 17:00,91.217513,OK
7/15/2017 18:00,89.838521,OK
7/15/2017 19:00,85.144854,OK
7/15/2017 20:00,88.190196,OK
7/15/2017 21:00,89.093399,OK
7/15/2017 22:00,86.897208,OK
7/15/2017 23:00,90.52943,OK
7/16/2017 0:00,88.419149,OK
7/16/2017 1:00,88.229326,OK
7/16/2017 2:00,86.568377,OK
7/16/2017 3:00,86.619646,OK
7/16/2017 4:00,86.939745,OK
7/16/2017 5:00,86.815311,OK
7/16/2017 6:00,91.440647,OK
7/16/2017 7:00,88.926789,OK
7/16/2017 8:00,90.973792,OK
7/16/2017 9:00,87.377578,OK
7/16/2017 10:00,90.392839,OK
7/16/2017 11:00,89.248682,OK
7/16/2017 12:00,89.503091,OK
7/16/2017 13:00,86.918819,OK
7/16/2017 14:00,89.91135,OK
7/16/2017 15:00,89.541625,OK
7/16/2017 16:00,90.539381,OK
7/16/2017 17:00,88.296119,OK
7/16/2017 18:00,88.044277,OK
7/16/2017 19:00,85.604853,OK
7/16/2017 20:00,88.014523,OK
7/16/2017 21:00,87.702085,OK
7/16/2017 22:00,90.205385,OK
7/16/2017 23:00,87.537604,OK
7/17/2017 0:00,86.417755,OK
7/17/2017 1:00,89.144275,OK
7/17/2017 2:00,86.979107,OK
7/17/2017 3:00,87.194793,OK
7/17/2017 4:00,85.8975,OK
7/17/2017 5:00,88.065482,OK
7/17/2017 6:00,89.914109,OK
7/17/2017 7:00,93.575665,OK
7/17/2017 8:00,95.48152,OK
7/17/2017 9:00,96.132059,OK
7/17/2017 10:00,94.657654,OK
7/17/2017 11:00,95.394575,OK
7/17/2017 12:00,90.550967,OK
7/17/2017 13:00,90.271375,OK
7/17/2017 14:00,93.656894,OK
7/17/2017 15:00,118.126631,OK
7/17/2017 16:00,127.028708,OK
7/17/2017 17:00,126.897532,OK
7/17/2017 18:00,130.3929,OK
7/17/2017 19:00,123.938586,OK
7/17/2017 20:00,121.486809,OK
7/17/2017 21:00,124.834167,OK
7/17/2017 22:00,120.356414,OK
7/17/2017 23:00,117.08003,OK
7/18/2017 0:00,118.55061,OK
7/18/2017 1:00,114.364234,OK
7/18/2017 2:00,116.017517,OK
7/18/2017 3:00,114.972687,OK
7/18/2017 4:00,117.054361,OK
7/18/2017 5:00,115.274671,OK
7/18/2017 6:00,118.724872,OK
7/18/2017 7:00,119.164239,OK
7/18/2017 8:00,117.933328,OK
7/18/2017 9:00,122.519719,OK
7/18/2017 10:00,120.20203,OK
7/18/2017 11:00,128.43861,OK
7/18/2017 12:00,158.429679,OK
7/18/2017 13:00,148.374535,OK
7/18/2017 14:00,143.378088,OK
7/18/2017 15:00,143.55013,OK
7/18/2017 16:00,139.76125,OK
7/18/2017 17:00,143.72178,OK
7/18/2017 18:00,151.19754,OK
7/18/2017 19:00,142.60504,OK
7/18/2017 20:00,149.29604,OK
7/18/2017 21:00,160.29943,OK
7/18/2017 22:00,163.730896,OK
7/18/2017 23:00,156.30094,OK
7/19/2017 0:00,156.9457,OK
7/19/2017 1:00,148.998521,OK
7/19/2017 2:00,151.40085,OK
7/19/2017 3:00,149.563755,OK
7/19/2017 4:00,148.522951,OK
7/19/2017 5:00,146.628361,OK
7/19/2017 6:00,156.55026,OK
7/19/2017 7:00,149.75838,OK
7/19/2017 8:00,152.24356,OK
7/19/2017 9:00,160.413,OK
7/19/2017 10:00,171.54356,OK
7/19/2017 11:00,174.32883,OK
7/19/2017 12:00,167.51341,OK
7/19/2017 13:00,167.49747,OK
7/19/2017 14:00,173.86469,OK
7/19/2017 15:00,165.09981,OK
7/19/2017 16:00,166.60319,OK
7/19/2017 17:00,153.86932,OK
7/19/2017 18:00,163.66363,OK
7/19/2017 19:00,156.91628,OK
7/19/2017 20:00,153.81987,OK
7/19/2017 21:00,168.62136,OK
7/19/2017 22:00,174.04887,OK
7/19/2017 23:00,168.71264,OK
7/20/2017 0:00,167.58304,OK
7/20/2017 1:00,152.77341,OK
7/20/2017 2:00,148.25079,OK
7/20/2017 3:00,151.69132,OK
7/20/2017 4:00,152.87075,OK
7/20/2017 5:00,150.7299,OK
7/20/2017 6:00,154.72497,OK
7/20/2017 7:00,167.68951,OK
7/20/2017 8:00,172.12114,OK
7/20/2017 9:00,166.61829,OK
7/20/2017 10:00,171.90339,OK
7/20/2017 11:00,169.36622,OK
7/20/2017 12:00,172.69256,OK
7/20/2017 13:00,190.39895,OK
7/20/2017 14:00,192.98841,OK
7/20/2017 15:00,180.94799,OK
7/20/2017 16:00,182.00425,OK
7/20/2017 17:00,175.15466,OK
7/20/2017 18:00,183.80708,OK
7/20/2017 19:00,183.44758,OK
7/20/2017 20:00,183.00837,OK
7/20/2017 21:00,183.12707,OK
7/20/2017 22:00,183.53801,OK
7/20/2017 23:00,181.89234,OK
7/21/2017 0:00,180.52066,OK
7/21/2017 1:00,179.54266,OK
7/21/2017 2:00,180.41484,OK
7/21/2017 3:00,180.57914,OK
7/21/2017 4:00,179.33833,OK
7/21/2017 5:00,172.02091,OK
7/21/2017 6:00,176.30944,OK
7/21/2017 7:00,179.6024,OK
7/21/2017 8:00,182.7271,OK
7/21/2017 9:00,177.18444,OK
7/21/2017 10:00,194.34935,OK
7/21/2017 11:00,187.04073,OK
7/21/2017 12:00,184.22162,OK
7/21/2017 13:00,182.6643,OK
7/21/2017 14:00,185.54035,OK
7/21/2017 15:00,182.72397,OK
7/21/2017 16:00,182.469,OK
7/21/2017 17:00,182.37576,OK
7/21/2017 18:00,182.51847,OK
7/21/2017 19:00,181.1512,OK
7/21/2017 20:00,179.29131,OK
7/21/2017 21:00,178.15514,OK
7/21/2017 22:00,179.4087,OK
7/21/2017 23:00,177.49509,OK
7/22/2017 0:00,175.65228,OK
7/22/2017 1:00,174.45775,OK
7/22/2017 2:00,175.54529,OK
7/22/2017 3:00,174.0067,OK
7/22/2017 4:00,174.24706,OK
7/22/2017 5:00,176.03537,OK
7/22/2017 6:00,173.52682,OK
7/22/2017 7:00,178.691,OK
7/22/2017 8:00,147.33321,OK
7/22/2017 9:00,124.31191,OK
7/22/2017 10:00,104.129067,OK
7/22/2017 11:00,89.015729,OK
7/22/2017 12:00,76.787315,OK
7/22/2017 13:00,75.666568,OK
7/22/2017 14:00,76.321137,OK
7/22/2017 15:00,74.031435,OK
7/22/2017 16:00,75.635111,OK
7/22/2017 17:00,73.660616,OK
7/22/2017 18:00,71.943709,OK
7/22/2017 19:00,75.315898,OK
7/22/2017 20:00,73.855122,OK
7/22/2017 21:00,71.592769,OK
7/22/2017 22:00,74.484331,OK
7/22/2017 23:00,71.836932,OK
7/23/2017 0:00,72.694359,OK
7/23/2017 1:00,69.704628,OK
7/23/2017 2:00,70.19584,OK
7/23/2017 3:00,73.130021,OK
7/23/2017 4:00,71.478361,OK
7/23/2017 5:00,73.480299,OK
7/23/2017 6:00,72.804108,OK
7/23/2017 7:00,74.225529,OK
7/23/2017 8:00,71.480971,OK
7/23/2017 9:00,83.425907,OK
7/23/2017 10:00,71.113827,OK
7/23/2017 11:00,80.202193,OK
7/23/2017 12:00,77.038178,OK
7/23/2017 13:00,75.795612,OK
7/23/2017 14:00,82.284914,OK
7/23/2017 15:00,78.725668,OK
7/23/2017 16:00,78.964278,OK
7/23/2017 17:00,73.98008,OK
7/23/2017 18:00,73.604161,OK
7/23/2017 19:00,72.761683,OK
7/23/2017 20:00,68.871138,OK
7/23/2017 21:00,80.232835,OK
7/23/2017 22:00,79.087033,OK
7/23/2017 23:00,76.828085,OK
7/24/2017 0:00,75.713203,OK
7/24/2017 1:00,71.874002,OK
7/24/2017 2:00,73.081611,OK
7/24/2017 3:00,70.671803,OK
7/24/2017 4:00,73.993902,OK
7/24/2017 5:00,75.172927,OK
7/24/2017 6:00,78.484296,OK
7/24/2017 7:00,86.262192,OK
7/24/2017 8:00,94.34988,OK
7/24/2017 9:00,94.973485,OK
7/24/2017 10:00,91.293093,OK
7/24/2017 11:00,88.841312,OK
7/24/2017 12:00,94.328129,OK
7/24/2017 13:00,94.591719,OK
7/24/2017 14:00,94.045732,OK
7/24/2017 15:00,94.197217,OK
7/24/2017 16:00,89.598227,OK
7/24/2017 17:00,93.016596,OK
7/24/2017 18:00,86.64339,OK
7/24/2017 19:00,88.42556,OK
7/24/2017 20:00,90.273053,OK
7/24/2017 21:00,86.246553,OK
7/24/2017 22:00,89.841964,OK
7/24/2017 23:00,78.682513,OK
7/25/2017 0:00,78.454896,OK
7/25/2017 1:00,78.661171,OK
7/25/2017 2:00,77.76268,OK
7/25/2017 3:00,78.796879,OK
7/25/2017 4:00,79.524069,OK
7/25/2017 5:00,82.043303,OK
7/25/2017 6:00,87.174105,OK
7/25/2017 7:00,93.776911,OK
7/25/2017 8:00,99.095889,OK
7/25/2017 9:00,101.468903,OK
7/25/2017 10:00,96.720663,OK
7/25/2017 11:00,93.677318,OK
7/25/2017 12:00,101.49069,OK
7/25/2017 13:00,94.014942,OK
7/25/2017 14:00,82.680189,OK
7/25/2017 15:00,79.135979,OK
7/25/2017 16:00,79.655672,OK
7/25/2017 17:00,77.038256,OK
7/25/2017 18:00,77.257978,OK
7/25/2017 19:00,77.911201,OK
7/25/2017 20:00,76.209,OK
7/25/2017 21:00,82.752647,OK
7/25/2017 22:00,82.563595,OK
7/25/2017 23:00,80.457856,OK
7/26/2017 0:00,80.16292,OK
7/26/2017 1:00,80.448867,OK
7/26/2017 2:00,78.77422,OK
7/26/2017 3:00,79.871398,OK
7/26/2017 4:00,79.851022,OK
7/26/2017 5:00,81.008906,OK
7/26/2017 6:00,82.859061,OK
7/26/2017 7:00,84.470921,OK
7/26/2017 8:00,88.090377,OK
7/26/2017 9:00,88.076943,OK
7/26/2017 10:00,84.403434,OK
7/26/2017 11:00,87.095161,OK
7/26/2017 12:00,85.656884,OK
7/26/2017 13:00,87.20338,OK
7/26/2017 14:00,84.438283,OK
7/26/2017 15:00,87.751856,OK
7/26/2017 16:00,83.249845,OK
7/26/2017 17:00,85.558795,OK
7/26/2017 18:00,86.98101,OK
7/26/2017 19:00,84.193663,OK
7/26/2017 20:00,82.822702,OK
7/26/2017 21:00,83.464047,OK
7/26/2017 22:00,79.960423,OK
7/26/2017 23:00,81.925002,OK
7/27/2017 0:00,83.812625,OK
7/27/2017 1:00,80.100116,OK
7/27/2017 2:00,79.151183,OK
7/27/2017 3:00,78.607471,OK
7/27/2017 4:00,81.463695,OK
7/27/2017 5:00,82.677768,OK
7/27/2017 6:00,85.120826,OK
7/27/2017 7:00,88.178906,OK
7/27/2017 8:00,90.202169,OK
7/27/2017 9:00,89.141073,OK
7/27/2017 10:00,90.639092,OK
7/27/2017 11:00,88.089715,OK
7/27/2017 12:00,86.034003,OK
7/27/2017 13:00,86.776617,OK
7/27/2017 14:00,86.795186,OK
7/27/2017 15:00,87.637786,OK
7/27/2017 16:00,85.860286,OK
7/27/2017 17:00,84.717489,OK
7/27/2017 18:00,87.891272,OK
7/27/2017 19:00,84.150031,OK
7/27/2017 20:00,83.765425,OK
7/27/2017 21:00,87.368464,OK
7/27/2017 22:00,83.592944,OK
7/27/2017 23:00,82.327768,OK
7/28/2017 0:00,81.582336,OK
7/28/2017 1:00,81.710626,OK
7/28/2017 2:00,82.698672,OK
7/28/2017 3:00,80.696594,OK
7/28/2017 4:00,82.635012,OK
7/28/2017 5:00,83.140174,OK
7/28/2017 6:00,84.583864,OK
7/28/2017 7:00,87.453877,OK
7/28/2017 8:00,90.657058,OK
7/28/2017 9:00,89.269386,OK
7/28/2017 10:00,89.289829,OK
7/28/2017 11:00,88.249345,OK
7/28/2017 12:00,88.385566,OK
7/28/2017 13:00,85.490056,OK
7/28/2017 14:00,86.651843,OK
7/28/2017 15:00,85.892526,OK
7/28/2017 16:00,85.699136,OK
7/28/2017 17:00,84.14911,OK
7/28/2017 18:00,84.735201,OK
7/28/2017 19:00,84.59296,OK
7/28/2017 20:00,84.345682,OK
7/28/2017 21:00,85.190457,OK
7/28/2017 22:00,85.189303,OK
7/28/2017 23:00,87.431046,OK
7/29/2017 0:00,82.640262,OK
7/29/2017 1:00,85.252718,OK
7/29/2017 2:00,84.859787,OK
7/29/2017 3:00,83.850866,OK
7/29/2017 4:00,83.88218,OK
7/29/2017 5:00,85.12669,OK
7/29/2017 6:00,87.663028,OK
7/29/2017 7:00,87.481599,OK
7/29/2017 8:00,87.153094,OK
7/29/2017 9:00,84.788195,OK
7/29/2017 10:00,81.374983,OK
7/29/2017 11:00,84.66474,OK
7/29/2017 12:00,84.105966,OK
7/29/2017 13:00,87.334622,OK
7/29/2017 14:00,88.414975,OK
7/29/2017 15:00,85.259505,OK
7/29/2017 16:00,86.345704,OK
7/29/2017 17:00,84.983526,OK
7/29/2017 18:00,83.389928,OK
7/29/2017 19:00,84.137461,OK
7/29/2017 20:00,83.60813,OK
7/29/2017 21:00,80.663501,OK
7/29/2017 22:00,81.829712,OK
7/29/2017 23:00,83.826142,OK
7/30/2017 0:00,82.730958,OK
7/30/2017 1:00,83.602691,OK
7/30/2017 2:00,81.582304,OK
7/30/2017 3:00,83.879209,OK
7/30/2017 4:00,84.08009,OK
7/30/2017 5:00,85.21563,OK
7/30/2017 6:00,86.553796,OK
7/30/2017 7:00,86.953375,OK
7/30/2017 8:00,86.820109,OK
7/30/2017 9:00,85.874304,OK
7/30/2017 10:00,84.500444,OK
7/30/2017 11:00,84.710046,OK
7/30/2017 12:00,86.035319,OK
7/30/2017 13:00,85.019794,OK
7/30/2017 14:00,86.114143,OK
7/30/2017 15:00,84.775697,OK
7/30/2017 16:00,85.486292,OK
7/30/2017 17:00,83.451945,OK
7/30/2017 18:00,84.02483,OK
7/30/2017 19:00,81.954654,OK
7/30/2017 20:00,83.533803,OK
7/30/2017 21:00,84.012017,OK
7/30/2017 22:00,82.75604,OK
7/30/2017 23:00,82.512214,OK
7/31/2017 0:00,82.343721,OK
7/31/2017 1:00,82.559326,OK
7/31/2017 2:00,82.853604,OK
7/31/2017 3:00,81.436447,OK
7/31/2017 4:00,79.884956,OK
7/31/2017 5:00,83.762524,OK
7/31/2017 6:00,83.528557,OK
7/31/2017 7:00,85.589067,OK
7/31/2017 8:00,89.439088,OK
7/31/2017 9:00,90.779921,OK
7/31/2017 10:00,88.023433,OK
7/31/2017 11:00,86.70549,OK
7/31/2017 12:00,87.215005,OK
7/31/2017 13:00,87.986951,OK
7/31/2017 14:00,88.865096,OK
7/31/2017 15:00,88.655113,OK
7/31/2017 16:00,86.212849,OK
7/31/2017 17:00,85.395891,OK
7/31/2017 18:00,86.286359,OK
7/31/2017 19:00,85.60416,OK
7/31/2017 20:00,82.839884,OK
7/31/2017 21:00,85.713811,OK
7/31/2017 22:00,81.846373,OK
7/31/2017 23:00,83.774689,OK
8/1/2017 0:00,80.585516,OK
8/1/2017 1:00,80.866598,OK
8/1/2017 2:00,78.886337,OK
8/1/2017 3:00,79.036527,OK
8/1/2017 4:00,80.090267,OK
8/1/2017 5:00,81.095406,OK
8/1/2017 6:00,83.109745,OK
8/1/2017 7:00,84.976302,OK
8/1/2017 8:00,85.998581,OK
8/1/2017 9:00,89.395438,OK
8/1/2017 10:00,87.570476,OK
8/1/2017 11:00,87.858318,OK
8/1/2017 12:00,87.221014,OK
8/1/2017 13:00,88.104226,OK
8/1/2017 14:00,87.312588,OK
8/1/2017 15:00,88.582738,OK
8/1/2017 16:00,85.28804,OK
8/1/2017 17:00,84.647681,OK
8/1/2017 18:00,87.45366,OK
8/1/2017 19:00,86.136766,OK
8/1/2017 20:00,85.153211,OK
8/1/2017 21:00,83.480933,OK
8/1/2017 22:00,82.945113,OK
8/1/2017 23:00,81.632043,OK
8/2/2017 0:00,79.931639,OK
8/2/2017 1:00,81.305053,OK
8/2/2017 2:00,81.989153,OK
8/2/2017 3:00,81.298068,OK
8/2/2017 4:00,81.364415,OK
8/2/2017 5:00,82.577114,OK
8/2/2017 6:00,84.093019,OK
8/2/2017 7:00,85.468938,OK
8/2/2017 8:00,87.359239,OK
8/2/2017 9:00,87.884987,OK
8/2/2017 10:00,88.894345,OK
8/2/2017 11:00,89.05219,OK
8/2/2017 12:00,85.610098,OK
8/2/2017 13:00,88.082922,OK
8/2/2017 14:00,88.770471,OK
8/2/2017 15:00,89.022477,OK
8/2/2017 16:00,84.998588,OK
8/2/2017 17:00,85.633431,OK
8/2/2017 18:00,85.208633,OK
8/2/2017 19:00,85.455327,OK
8/2/2017 20:00,83.684713,OK
8/2/2017 21:00,87.216649,OK
8/2/2017 22:00,83.845999,OK
8/2/2017 23:00,83.268014,OK
8/3/2017 0:00,80.423938,OK
8/3/2017 1:00,82.892026,OK
8/3/2017 2:00,82.980094,OK
8/3/2017 3:00,81.648794,OK
8/3/2017 4:00,83.059923,OK
8/3/2017 5:00,81.830781,OK
8/3/2017 6:00,85.137417,OK
8/3/2017 7:00,88.283943,OK
8/3/2017 8:00,87.936238,OK
8/3/2017 9:00,88.6382,OK
8/3/2017 10:00,89.604889,OK
8/3/2017 11:00,87.27709,OK
8/3/2017 12:00,87.882891,OK
8/3/2017 13:00,84.726287,OK
8/3/2017 14:00,87.644164,OK
8/3/2017 15:00,85.966737,OK
8/3/2017 16:00,90.064492,OK
8/3/2017 17:00,82.632047,OK
8/3/2017 18:00,84.887999,OK
8/3/2017 19:00,85.864089,OK
8/3/2017 20:00,83.612443,OK
8/3/2017 21:00,83.824,OK
8/3/2017 22:00,83.378338,OK
8/3/2017 23:00,82.788634,OK
8/4/2017 0:00,83.413711,OK
8/4/2017 1:00,82.925797,OK
8/4/2017 2:00,82.892129,OK
8/4/2017 3:00,83.745779,OK
8/4/2017 4:00,86.826778,OK
8/4/2017 5:00,86.031468,OK
8/4/2017 6:00,97.269839,OK
8/4/2017 7:00,96.639912,OK
8/4/2017 8:00,92.843153,OK
8/4/2017 9:00,94.83513,OK
8/4/2017 10:00,95.435899,OK
8/4/2017 11:00,91.516622,OK
8/4/2017 12:00,92.852094,OK
8/4/2017 13:00,94.865086,OK
8/4/2017 14:00,93.468709,OK
8/4/2017 15:00,92.604565,OK
8/4/2017 16:00,89.913322,OK
8/4/2017 17:00,90.334632,OK
8/4/2017 18:00,89.771442,OK
8/4/2017 19:00,87.042014,OK
8/4/2017 20:00,92.505639,OK
8/4/2017 21:00,90.475458,OK
8/4/2017 22:00,90.506516,OK
8/4/2017 23:00,86.588045,OK
8/5/2017 0:00,86.69352,OK
8/5/2017 1:00,85.074419,OK
8/5/2017 2:00,87.874024,OK
8/5/2017 3:00,86.35752,OK
8/5/2017 4:00,87.419196,OK
8/5/2017 5:00,88.247927,OK
8/5/2017 6:00,93.373305,OK
8/5/2017 7:00,88.224724,OK
8/5/2017 8:00,86.342891,OK
8/5/2017 9:00,84.487211,OK
8/5/2017 10:00,86.705454,OK
8/5/2017 11:00,88.279642,OK
8/5/2017 12:00,86.247359,OK
8/5/2017 13:00,86.098534,OK
8/5/2017 14:00,85.755529,OK
8/5/2017 15:00,87.068157,OK
8/5/2017 16:00,84.254148,OK
8/5/2017 17:00,86.425457,OK
8/5/2017 18:00,86.733748,OK
8/5/2017 19:00,83.133738,OK
8/5/2017 20:00,84.930482,OK
8/5/2017 21:00,88.066288,OK
8/5/2017 22:00,86.24939,OK
8/5/2017 23:00,86.213648,OK
8/6/2017 0:00,86.125516,OK
8/6/2017 1:00,81.02396,OK
8/6/2017 2:00,81.35113,OK
8/6/2017 3:00,81.973463,OK
8/6/2017 4:00,83.585495,OK
8/6/2017 5:00,82.360461,OK
8/6/2017 6:00,84.328305,OK
8/6/2017 7:00,84.916866,OK
8/6/2017 8:00,84.55205,OK
8/6/2017 9:00,85.903957,OK
8/6/2017 10:00,86.258014,OK
8/6/2017 11:00,90.499709,OK
8/6/2017 12:00,90.457552,OK
8/6/2017 13:00,88.358016,OK
8/6/2017 14:00,89.32981,OK
8/6/2017 15:00,86.486541,OK
8/6/2017 16:00,86.004253,OK
8/6/2017 17:00,83.354356,OK
8/6/2017 18:00,84.820146,OK
8/6/2017 19:00,82.806563,OK
8/6/2017 20:00,84.107081,OK
8/6/2017 21:00,87.22073,OK
8/6/2017 22:00,85.214567,OK
8/6/2017 23:00,84.421942,OK
8/7/2017 0:00,83.178008,OK
8/7/2017 1:00,79.816855,OK
8/7/2017 2:00,83.84919,OK
8/7/2017 3:00,83.254018,OK
8/7/2017 4:00,82.164162,OK
8/7/2017 5:00,83.720934,OK
8/7/2017 6:00,85.138556,OK
8/7/2017 7:00,88.065216,OK
8/7/2017 8:00,91.067483,OK
8/7/2017 9:00,92.681996,OK
8/7/2017 10:00,91.501585,OK
8/7/2017 11:00,88.856311,OK
8/7/2017 12:00,88.033104,OK
8/7/2017 13:00,86.287531,OK
8/7/2017 14:00,89.072102,OK
8/7/2017 15:00,89.48321,OK
8/7/2017 16:00,84.56564,OK
8/7/2017 17:00,85.027193,OK
8/7/2017 18:00,83.142715,OK
8/7/2017 19:00,85.733549,OK
8/7/2017 20:00,83.798867,OK
8/7/2017 21:00,82.312927,OK
8/7/2017 22:00,85.505985,OK
8/7/2017 23:00,84.522082,OK
8/8/2017 0:00,85.900851,OK
8/8/2017 1:00,84.803125,OK
8/8/2017 2:00,84.779029,OK
8/8/2017 3:00,86.039216,OK
8/8/2017 4:00,83.783226,OK
8/8/2017 5:00,85.706913,OK
8/8/2017 6:00,90.045469,OK
8/8/2017 7:00,91.691167,OK
8/8/2017 8:00,93.924088,OK
8/8/2017 9:00,91.722692,OK
8/8/2017 10:00,92.133959,OK
8/8/2017 11:00,87.943365,OK
8/8/2017 12:00,85.911762,OK
8/8/2017 13:00,87.262584,OK
8/8/2017 14:00,91.252771,OK
8/8/2017 15:00,88.571247,OK
8/8/2017 16:00,87.869304,OK
8/8/2017 17:00,86.688736,OK
8/8/2017 18:00,86.106671,OK
8/8/2017 19:00,84.30969,OK
8/8/2017 20:00,84.396704,OK
8/8/2017 21:00,84.357197,OK
8/8/2017 22:00,84.761764,OK
8/8/2017 23:00,78.340692,OK
8/9/2017 0:00,80.940372,OK
8/9/2017 1:00,77.874453,OK
8/9/2017 2:00,84.420632,OK
8/9/2017 3:00,79.470637,OK
8/9/2017 4:00,84.782149,OK
8/9/2017 5:00,79.78531,OK
8/9/2017 6:00,84.012513,OK
8/9/2017 7:00,89.090777,OK
8/9/2017 8:00,87.510747,OK
8/9/2017 9:00,90.898223,OK
8/9/2017 10:00,87.844835,OK
8/9/2017 11:00,91.596808,OK
8/9/2017 12:00,87.757355,OK
8/9/2017 13:00,87.250343,OK
8/9/2017 14:00,86.945781,OK
8/9/2017 15:00,89.459016,OK
8/9/2017 16:00,85.858316,OK
8/9/2017 17:00,85.007017,OK
8/9/2017 18:00,84.278748,OK
8/9/2017 19:00,84.413321,OK
8/9/2017 20:00,83.576184,OK
8/9/2017 21:00,83.102746,OK
8/9/2017 22:00,86.480348,OK
8/9/2017 23:00,85.044658,OK
8/10/2017 0:00,85.895205,OK
8/10/2017 1:00,86.468802,OK
8/10/2017 2:00,83.658917,OK
8/10/2017 3:00,79.02244,OK
8/10/2017 4:00,76.296443,OK
8/10/2017 5:00,83.13025,OK
8/10/2017 6:00,82.067019,OK
8/10/2017 7:00,89.703295,OK
8/10/2017 8:00,89.275219,OK
8/10/2017 9:00,88.559347,OK
8/10/2017 10:00,87.866313,OK
8/10/2017 11:00,87.121811,OK
8/10/2017 12:00,85.426722,OK
8/10/2017 13:00,85.776682,OK
8/10/2017 14:00,87.097674,OK
8/10/2017 15:00,84.815359,OK
8/10/2017 16:00,85.69513,OK
8/10/2017 17:00,85.600596,OK
8/10/2017 18:00,83.943007,OK
8/10/2017 19:00,84.022143,OK
8/10/2017 20:00,80.054975,OK
8/10/2017 21:00,82.901476,OK
8/10/2017 22:00,83.851908,OK
8/10/2017 23:00,80.544288,OK
8/11/2017 0:00,77.71132,OK
8/11/2017 1:00,80.721628,OK
8/11/2017 2:00,78.858441,OK
8/11/2017 3:00,79.913625,OK
8/11/2017 4:00,78.841019,OK
8/11/2017 5:00,79.559315,OK
8/11/2017 6:00,79.452508,OK
8/11/2017 7:00,85.1414,OK
8/11/2017 8:00,89.08026,OK
8/11/2017 9:00,90.761194,OK
8/11/2017 10:00,87.581118,OK
8/11/2017 11:00,88.408478,OK
8/11/2017 12:00,83.752316,OK
8/11/2017 13:00,87.810731,OK
8/11/2017 14:00,85.785595,OK
8/11/2017 15:00,84.832951,OK
8/11/2017 16:00,91.449856,OK
8/11/2017 17:00,82.338027,OK
8/11/2017 18:00,87.099494,OK
8/11/2017 19:00,84.702789,OK
8/11/2017 20:00,82.570378,OK
8/11/2017 21:00,85.925482,OK
8/11/2017 22:00,83.026553,OK
8/11/2017 23:00,82.190516,OK
8/12/2017 0:00,81.051041,OK
8/12/2017 1:00,81.919565,OK
8/12/2017 2:00,82.14599,OK
8/12/2017 3:00,82.977749,OK
8/12/2017 4:00,82.859639,OK
8/12/2017 5:00,85.91888,OK
8/12/2017 6:00,83.952285,OK
8/12/2017 7:00,86.107166,OK
8/12/2017 8:00,84.904542,OK
8/12/2017 9:00,82.404432,OK
8/12/2017 10:00,85.265817,OK
8/12/2017 11:00,86.745939,OK
8/12/2017 12:00,86.125452,OK
8/12/2017 13:00,86.81934,OK
8/12/2017 14:00,86.312031,OK
8/12/2017 15:00,82.079428,OK
8/12/2017 16:00,82.839806,OK
8/12/2017 17:00,83.349468,OK
8/12/2017 18:00,82.553691,OK
8/12/2017 19:00,81.182364,OK
8/12/2017 20:00,81.648272,OK
8/12/2017 21:00,84.325212,OK
8/12/2017 22:00,82.412758,OK
8/12/2017 23:00,83.164943,OK
8/13/2017 0:00,83.583001,OK
8/13/2017 1:00,82.361897,OK
8/13/2017 2:00,81.739433,OK
8/13/2017 3:00,81.24485,OK
8/13/2017 4:00,83.124102,OK
8/13/2017 5:00,82.656193,OK
8/13/2017 6:00,84.510697,OK
8/13/2017 7:00,84.975847,OK
8/13/2017 8:00,83.551081,OK
8/13/2017 9:00,83.513969,OK
8/13/2017 10:00,83.952627,OK
8/13/2017 11:00,85.88129,OK
8/13/2017 12:00,84.192146,OK
8/13/2017 13:00,84.700494,OK
8/13/2017 14:00,84.332376,OK
8/13/2017 15:00,83.31532,OK
8/13/2017 16:00,81.553958,OK
8/13/2017 17:00,80.858231,OK
8/13/2017 18:00,82.339218,OK
8/13/2017 19:00,81.972201,OK
8/13/2017 20:00,82.072584,OK
8/13/2017 21:00,83.649231,OK
8/13/2017 22:00,81.526372,OK
8/13/2017 23:00,82.703926,OK
8/14/2017 0:00,80.405807,OK
8/14/2017 1:00,79.713594,OK
8/14/2017 2:00,78.641278,OK
8/14/2017 3:00,78.366343,OK
8/14/2017 4:00,81.225189,OK
8/14/2017 5:00,80.660506,OK
8/14/2017 6:00,80.988,OK
8/14/2017 7:00,85.979538,OK
8/14/2017 8:00,86.237408,OK
8/14/2017 9:00,86.40633,OK
8/14/2017 10:00,86.671866,OK
8/14/2017 11:00,85.06404,OK
8/14/2017 12:00,83.866678,OK
8/14/2017 13:00,85.488319,OK
8/14/2017 14:00,85.355432,OK
8/14/2017 15:00,84.193927,OK
8/14/2017 16:00,84.061445,OK
8/14/2017 17:00,88.00879,OK
8/14/2017 18:00,83.30301,OK
8/14/2017 19:00,83.962418,OK
8/14/2017 20:00,77.499306,OK
8/14/2017 21:00,79.634368,OK
8/14/2017 22:00,79.635828,OK
8/14/2017 23:00,80.887503,OK
8/15/2017 0:00,80.850172,OK
8/15/2017 1:00,81.571714,OK
8/15/2017 2:00,79.262027,OK
8/15/2017 3:00,80.101901,OK
8/15/2017 4:00,79.69671,OK
8/15/2017 5:00,79.573449,OK
8/15/2017 6:00,77.433618,OK
8/15/2017 7:00,84.809766,OK
8/15/2017 8:00,87.671229,OK
8/15/2017 9:00,87.071031,OK
8/15/2017 10:00,83.389123,OK
8/15/2017 11:00,87.236577,OK
8/15/2017 12:00,84.765103,OK
8/15/2017 13:00,85.236653,OK
8/15/2017 14:00,86.547245,OK
8/15/2017 15:00,85.666762,OK
8/15/2017 16:00,84.370027,OK
8/15/2017 17:00,82.924645,OK
8/15/2017 18:00,82.211599,OK
8/15/2017 19:00,82.694015,OK
8/15/2017 20:00,81.691983,OK
8/15/2017 21:00,81.127728,OK
8/15/2017 22:00,80.896697,OK
8/15/2017 23:00,82.050477,OK
8/16/2017 0:00,78.577122,OK
8/16/2017 1:00,75.835397,OK
8/16/2017 2:00,76.190606,OK
8/16/2017 3:00,76.523348,OK
8/16/2017 4:00,73.780971,OK
8/16/2017 5:00,78.921023,OK
8/16/2017 6:00,75.565466,OK
8/16/2017 7:00,81.094845,OK
8/16/2017 8:00,82.096588,OK
8/16/2017 9:00,81.336195,OK
8/16/2017 10:00,86.551734,OK
8/16/2017 11:00,83.4332,OK
8/16/2017 12:00,81.505941,OK
8/16/2017 13:00,81.779684,OK
8/16/2017 14:00,85.701069,OK
8/16/2017 15:00,81.28492,OK
8/16/2017 16:00,82.230299,OK
8/16/2017 17:00,79.81388,OK
8/16/2017 18:00,81.900973,OK
8/16/2017 19:00,78.983722,OK
8/16/2017 20:00,80.478901,OK
8/16/2017 21:00,79.797592,OK
8/16/2017 22:00,80.236857,OK
8/16/2017 23:00,77.225776,OK
8/17/2017 0:00,81.978454,OK
8/17/2017 1:00,76.579631,OK
8/17/2017 2:00,77.218456,OK
8/17/2017 3:00,78.420118,OK
8/17/2017 4:00,77.664942,OK
8/17/2017 5:00,76.924772,OK
8/17/2017 6:00,79.59729,OK
8/17/2017 7:00,80.973323,OK
8/17/2017 8:00,85.066227,OK
8/17/2017 9:00,87.035482,OK
8/17/2017 10:00,84.979038,OK
8/17/2017 11:00,82.539428,OK
8/17/2017 12:00,84.955054,OK
8/17/2017 13:00,86.280363,OK
8/17/2017 14:00,85.509729,OK
8/17/2017 15:00,85.59859,OK
8/17/2017 16:00,83.11486,OK
8/17/2017 17:00,83.410067,OK
8/17/2017 18:00,83.22963,OK
8/17/2017 19:00,81.659322,OK
8/17/2017 20:00,79.70257,OK
8/17/2017 21:00,81.362086,OK
8/17/2017 22:00,83.490785,OK
8/17/2017 23:00,80.669161,OK
8/18/2017 0:00,78.602474,OK
8/18/2017 1:00,77.356047,OK
8/18/2017 2:00,79.295534,OK
8/18/2017 3:00,78.107758,OK
8/18/2017 4:00,76.791236,OK
8/18/2017 5:00,78.407783,OK
8/18/2017 6:00,79.697055,OK
8/18/2017 7:00,82.876459,OK
8/18/2017 8:00,87.723516,OK
8/18/2017 9:00,85.354223,OK
8/18/2017 10:00,86.806681,OK
8/18/2017 11:00,89.177017,OK
8/18/2017 12:00,86.03424,OK
8/18/2017 13:00,86.632103,OK
8/18/2017 14:00,83.992452,OK
8/18/2017 15:00,87.255449,OK
8/18/2017 16:00,84.572454,OK
8/18/2017 17:00,81.925334,OK
8/18/2017 18:00,82.483926,OK
8/18/2017 19:00,81.267802,OK
8/18/2017 20:00,80.74285,OK
8/18/2017 21:00,79.398137,OK
8/18/2017 22:00,81.575415,OK
8/18/2017 23:00,78.281598,OK
8/19/2017 0:00,79.484102,OK
8/19/2017 1:00,80.301038,OK
8/19/2017 2:00,78.954487,OK
8/19/2017 3:00,76.02414,OK
8/19/2017 4:00,78.716392,OK
8/19/2017 5:00,77.938744,OK
8/19/2017 6:00,79.643013,OK
8/19/2017 7:00,79.869906,OK
8/19/2017 8:00,81.16653,OK
8/19/2017 9:00,78.610773,OK
8/19/2017 10:00,82.128523,OK
8/19/2017 11:00,80.804992,OK
8/19/2017 12:00,81.581498,OK
8/19/2017 13:00,80.38957,OK
8/19/2017 14:00,80.066727,OK
8/19/2017 15:00,82.897155,OK
8/19/2017 16:00,82.2462,OK
8/19/2017 17:00,80.208976,OK
8/19/2017 18:00,82.696725,OK
8/19/2017 19:00,80.628666,OK
8/19/2017 20:00,84.270957,OK
8/19/2017 21:00,80.939285,OK
8/19/2017 22:00,81.198093,OK
8/19/2017 23:00,77.869149,OK
8/20/2017 0:00,78.023654,OK
8/20/2017 1:00,78.473452,OK
8/20/2017 2:00,78.500442,OK
8/20/2017 3:00,77.755254,OK
8/20/2017 4:00,76.930073,OK
8/20/2017 5:00,77.031738,OK
8/20/2017 6:00,78.663386,OK
8/20/2017 7:00,79.935894,OK
8/20/2017 8:00,81.996758,OK
8/20/2017 9:00,80.621679,OK
8/20/2017 10:00,81.134169,OK
8/20/2017 11:00,79.520439,OK
8/20/2017 12:00,82.22137,OK
8/20/2017 13:00,80.825965,OK
8/20/2017 14:00,80.420517,OK
8/20/2017 15:00,80.338253,OK
8/20/2017 16:00,80.177903,OK
8/20/2017 17:00,80.669892,OK
8/20/2017 18:00,79.239287,OK
8/20/2017 19:00,78.317336,OK
8/20/2017 20:00,78.3929,OK
8/20/2017 21:00,77.118362,OK
8/20/2017 22:00,76.859195,OK
8/20/2017 23:00,78.054321,OK
8/21/2017 0:00,76.951889,OK
8/21/2017 1:00,76.655262,OK
8/21/2017 2:00,76.537107,OK
8/21/2017 3:00,76.80432,OK
8/21/2017 4:00,76.961982,OK
8/21/2017 5:00,78.024581,OK
8/21/2017 6:00,77.872211,OK
8/21/2017 7:00,82.974303,OK
8/21/2017 8:00,83.37185,OK
8/21/2017 9:00,84.924099,OK
8/21/2017 10:00,87.881497,OK
8/21/2017 11:00,84.151491,OK
8/21/2017 12:00,84.361946,OK
8/21/2017 13:00,83.851083,OK
8/21/2017 14:00,87.206884,OK
8/21/2017 15:00,86.937744,OK
8/21/2017 16:00,82.946688,OK
8/21/2017 17:00,84.362235,OK
8/21/2017 18:00,84.934956,OK
8/21/2017 19:00,83.594686,OK
8/21/2017 20:00,83.387428,OK
8/21/2017 21:00,79.883904,OK
8/21/2017 22:00,81.643963,OK
8/21/2017 23:00,78.436837,OK
8/22/2017 0:00,77.215662,OK
8/22/2017 1:00,77.350861,OK
8/22/2017 2:00,74.234723,OK
8/22/2017 3:00,82.169788,OK
8/22/2017 4:00,77.161467,OK
8/22/2017 5:00,78.890542,OK
8/22/2017 6:00,82.30019,OK
8/22/2017 7:00,84.760684,OK
8/22/2017 8:00,88.588521,OK
8/22/2017 9:00,89.533452,OK
8/22/2017 10:00,90.74868,OK
8/22/2017 11:00,94.152735,OK
8/22/2017 12:00,88.147833,OK
8/22/2017 13:00,88.704044,OK
8/22/2017 14:00,89.542284,OK
8/22/2017 15:00,88.661497,OK
8/22/2017 16:00,88.347816,OK
8/22/2017 17:00,85.732472,OK
8/22/2017 18:00,86.745148,OK
8/22/2017 19:00,87.746821,OK
8/22/2017 20:00,87.082779,OK
8/22/2017 21:00,83.202821,OK
8/22/2017 22:00,84.756293,OK
8/22/2017 23:00,83.057644,OK
8/23/2017 0:00,82.894553,OK
8/23/2017 1:00,80.356795,OK
8/23/2017 2:00,81.764293,OK
8/23/2017 3:00,82.818634,OK
8/23/2017 4:00,84.672519,OK
8/23/2017 5:00,83.60275,OK
8/23/2017 6:00,85.921305,OK
8/23/2017 7:00,90.857933,OK
8/23/2017 8:00,94.139825,OK
8/23/2017 9:00,92.016257,OK
8/23/2017 10:00,92.716386,OK
8/23/2017 11:00,91.397104,OK
8/23/2017 12:00,92.432524,OK
8/23/2017 13:00,90.683948,OK
8/23/2017 14:00,92.746963,OK
8/23/2017 15:00,90.800625,OK
8/23/2017 16:00,92.117811,OK
8/23/2017 17:00,90.042704,OK
8/23/2017 18:00,87.396258,OK
8/23/2017 19:00,86.549535,OK
8/23/2017 20:00,87.080281,OK
8/23/2017 21:00,86.401093,OK
8/23/2017 22:00,85.209699,OK
8/23/2017 23:00,83.343556,OK
8/24/2017 0:00,85.4644,OK
8/24/2017 1:00,82.117169,OK
8/24/2017 2:00,79.568501,OK
8/24/2017 3:00,80.13508,OK
8/24/2017 4:00,79.714921,OK
8/24/2017 5:00,83.896804,OK
8/24/2017 6:00,86.273141,OK
8/24/2017 7:00,90.213396,OK
8/24/2017 8:00,96.119909,OK
8/24/2017 9:00,98.014124,OK
8/24/2017 10:00,98.624537,OK
8/24/2017 11:00,96.793742,OK
8/24/2017 12:00,91.864931,OK
8/24/2017 13:00,92.356308,OK
8/24/2017 14:00,96.823502,OK
8/24/2017 15:00,96.428742,OK
8/24/2017 16:00,91.063151,OK
8/24/2017 17:00,90.150996,OK
8/24/2017 18:00,90.181837,OK
8/24/2017 19:00,90.979255,OK
8/24/2017 20:00,87.737345,OK
8/24/2017 21:00,91.499538,OK
8/24/2017 22:00,91.003102,OK
8/24/2017 23:00,86.121604,OK
8/25/2017 0:00,86.489371,OK
8/25/2017 1:00,88.817082,OK
8/25/2017 2:00,85.852049,OK
8/25/2017 3:00,87.416623,OK
8/25/2017 4:00,87.244215,OK
8/25/2017 5:00,88.564201,OK
8/25/2017 6:00,92.319704,OK
8/25/2017 7:00,100.648571,OK
8/25/2017 8:00,99.512061,OK
8/25/2017 9:00,107.683823,OK
8/25/2017 10:00,96.126078,OK
8/25/2017 11:00,90.545573,OK
8/25/2017 12:00,86.353817,OK
8/25/2017 13:00,93.025283,OK
8/25/2017 14:00,89.771472,OK
8/25/2017 15:00,91.609585,OK
8/25/2017 16:00,91.474123,OK
8/25/2017 17:00,92.190866,OK
8/25/2017 18:00,92.362053,OK
8/25/2017 19:00,91.76108,OK
8/25/2017 20:00,91.150595,OK
8/25/2017 21:00,92.063161,OK
8/25/2017 22:00,89.955948,OK
8/25/2017 23:00,88.831105,OK
8/26/2017 0:00,88.144758,OK
8/26/2017 1:00,87.677881,OK
8/26/2017 2:00,86.471091,OK
8/26/2017 3:00,84.941002,OK
8/26/2017 4:00,86.028551,OK
8/26/2017 5:00,86.294939,OK
8/26/2017 6:00,88.205967,OK
8/26/2017 7:00,89.881675,OK
8/26/2017 8:00,89.813448,OK
8/26/2017 9:00,90.468722,OK
8/26/2017 10:00,90.924143,OK
8/26/2017 11:00,89.940079,OK
8/26/2017 12:00,88.38579,OK
8/26/2017 13:00,88.949853,OK
8/26/2017 14:00,90.360266,OK
8/26/2017 15:00,88.294678,OK
8/26/2017 16:00,87.608825,OK
8/26/2017 17:00,87.087322,OK
8/26/2017 18:00,87.424227,OK
8/26/2017 19:00,87.900592,OK
8/26/2017 20:00,87.285405,OK
8/26/2017 21:00,84.372485,OK
8/26/2017 22:00,84.217686,OK
8/26/2017 23:00,84.499264,OK
8/27/2017 0:00,84.419017,OK
8/27/2017 1:00,78.293068,OK
8/27/2017 2:00,84.238871,OK
8/27/2017 3:00,82.374533,OK
8/27/2017 4:00,81.30186,OK
8/27/2017 5:00,82.47081,OK
8/27/2017 6:00,86.472464,OK
8/27/2017 7:00,85.647897,OK
8/27/2017 8:00,85.517266,OK
8/27/2017 9:00,88.200218,OK
8/27/2017 10:00,86.960969,OK
8/27/2017 11:00,89.468685,OK
8/27/2017 12:00,89.569649,OK
8/27/2017 13:00,88.779024,OK
8/27/2017 14:00,86.787943,OK
8/27/2017 15:00,88.312867,OK
8/27/2017 16:00,84.87166,OK
8/27/2017 17:00,84.278778,OK
8/27/2017 18:00,85.569704,OK
8/27/2017 19:00,85.61177,OK
8/27/2017 20:00,85.701281,OK
8/27/2017 21:00,87.817799,OK
8/27/2017 22:00,88.147014,OK
8/27/2017 23:00,87.368238,OK
8/28/2017 0:00,83.875344,OK
8/28/2017 1:00,81.034161,OK
8/28/2017 2:00,79.322909,OK
8/28/2017 3:00,81.237576,OK
8/28/2017 4:00,79.991996,OK
8/28/2017 5:00,80.324829,OK
8/28/2017 6:00,82.660335,OK
8/28/2017 7:00,86.310177,OK
8/28/2017 8:00,97.222736,OK
8/28/2017 9:00,94.601544,OK
8/28/2017 10:00,95.619538,OK
8/28/2017 11:00,90.597767,OK
8/28/2017 12:00,91.920039,OK
8/28/2017 13:00,89.605689,OK
8/28/2017 14:00,91.378265,OK
8/28/2017 15:00,88.753879,OK
8/28/2017 16:00,90.660062,OK
8/28/2017 17:00,88.150412,OK
8/28/2017 18:00,101.711604,OK
8/28/2017 19:00,95.387488,OK
8/28/2017 20:00,94.906669,OK
8/28/2017 21:00,93.196495,OK
8/28/2017 22:00,92.215004,OK
8/28/2017 23:00,92.19777,OK
8/29/2017 0:00,89.175997,OK
8/29/2017 1:00,83.383464,OK
8/29/2017 2:00,84.968631,OK
8/29/2017 3:00,82.834914,OK
8/29/2017 4:00,84.17393,OK
8/29/2017 5:00,85.530518,OK
8/29/2017 6:00,87.717306,OK
8/29/2017 7:00,95.344431,OK
8/29/2017 8:00,98.827455,OK
8/29/2017 9:00,97.153032,OK
8/29/2017 10:00,95.28014,OK
8/29/2017 11:00,92.661067,OK
8/29/2017 12:00,90.124138,OK
8/29/2017 13:00,90.756158,OK
8/29/2017 14:00,93.260604,OK
8/29/2017 15:00,91.591449,OK
8/29/2017 16:00,89.48833,OK
8/29/2017 17:00,89.285817,OK
8/29/2017 18:00,89.529145,OK
8/29/2017 19:00,91.440644,OK
8/29/2017 20:00,92.153951,OK
8/29/2017 21:00,90.430458,OK
8/29/2017 22:00,89.730991,OK
8/29/2017 23:00,90.645424,OK
8/30/2017 0:00,87.798817,OK
8/30/2017 1:00,84.188984,OK
8/30/2017 2:00,83.685798,OK
8/30/2017 3:00,82.480063,OK
8/30/2017 4:00,82.590971,OK
8/30/2017 5:00,83.90673,OK
8/30/2017 6:00,84.899566,OK
8/30/2017 7:00,90.627971,OK
8/30/2017 8:00,98.387436,OK
8/30/2017 9:00,96.07051,OK
8/30/2017 10:00,94.607114,OK
8/30/2017 11:00,96.96343,OK
8/30/2017 12:00,91.753026,OK
8/30/2017 13:00,91.78232,OK
8/30/2017 14:00,94.313625,OK
8/30/2017 15:00,94.198078,OK
8/30/2017 16:00,89.953314,OK
8/30/2017 17:00,90.411554,OK
8/30/2017 18:00,90.678743,OK
8/30/2017 19:00,90.116296,OK
8/30/2017 20:00,91.860353,OK
8/30/2017 21:00,90.212961,OK
8/30/2017 22:00,91.864965,OK
8/30/2017 23:00,89.916527,OK
8/31/2017 0:00,87.708859,OK
8/31/2017 1:00,83.124306,OK
8/31/2017 2:00,80.497665,OK
8/31/2017 3:00,84.407196,OK
8/31/2017 4:00,83.153076,OK
8/31/2017 5:00,84.828931,OK
8/31/2017 6:00,86.936712,OK
8/31/2017 7:00,92.221457,OK
8/31/2017 8:00,94.665388,OK
8/31/2017 9:00,107.801865,OK
8/31/2017 10:00,99.800132,OK
8/31/2017 11:00,96.170593,OK
8/31/2017 12:00,92.292771,OK
8/31/2017 13:00,95.938122,OK
8/31/2017 14:00,95.254964,OK
8/31/2017 15:00,91.977224,OK
8/31/2017 16:00,91.543037,OK
8/31/2017 17:00,91.533772,OK
8/31/2017 18:00,92.54337,OK
8/31/2017 19:00,93.11697,OK
8/31/2017 20:00,93.4466,OK
8/31/2017 21:00,91.852153,OK
8/31/2017 22:00,93.600872,OK
8/31/2017 23:00,90.602283,OK
9/1/2017 0:00,90.140467,OK
9/1/2017 1:00,84.12915,OK
9/1/2017 2:00,83.785745,OK
9/1/2017 3:00,85.515836,OK
9/1/2017 4:00,85.165843,OK
9/1/2017 5:00,90.230198,OK
9/1/2017 6:00,94.472026,OK
9/1/2017 7:00,99.257732,OK
9/1/2017 8:00,105.564939,OK
9/1/2017 9:00,104.912035,OK
9/1/2017 10:00,103.188592,OK
9/1/2017 11:00,99.770657,OK
9/1/2017 12:00,99.403882,OK
9/1/2017 13:00,99.945656,OK
9/1/2017 14:00,96.389559,OK
9/1/2017 15:00,95.437274,OK
9/1/2017 16:00,94.820323,OK
9/1/2017 17:00,93.76295,OK
9/1/2017 18:00,96.046476,OK
9/1/2017 19:00,95.467414,OK
9/1/2017 20:00,94.652311,OK
9/1/2017 21:00,96.395867,OK
9/1/2017 22:00,96.538532,OK
9/1/2017 23:00,92.093022,OK
9/2/2017 0:00,89.316227,OK
9/2/2017 1:00,92.026161,OK
9/2/2017 2:00,93.806145,OK
9/2/2017 3:00,92.312403,OK
9/2/2017 4:00,98.736098,OK
9/2/2017 5:00,97.404927,OK
9/2/2017 6:00,102.638641,OK
9/2/2017 7:00,103.55022,OK
9/2/2017 8:00,102.987683,OK
9/2/2017 9:00,103.69981,OK
9/2/2017 10:00,94.96318,OK
9/2/2017 11:00,96.678889,OK
9/2/2017 12:00,100.911692,OK
9/2/2017 13:00,97.399027,OK
9/2/2017 14:00,97.414066,OK
9/2/2017 15:00,91.077068,OK
9/2/2017 16:00,88.094357,OK
9/2/2017 17:00,89.080639,OK
9/2/2017 18:00,93.172373,OK
9/2/2017 19:00,93.07075,OK
9/2/2017 20:00,92.917838,OK
9/2/2017 21:00,92.204981,OK
9/2/2017 22:00,91.94775,OK
9/2/2017 23:00,88.402706,OK
9/3/2017 0:00,86.771582,OK
9/3/2017 1:00,85.243106,OK
9/3/2017 2:00,84.306408,OK
9/3/2017 3:00,85.106733,OK
9/3/2017 4:00,83.427482,OK
9/3/2017 5:00,86.290994,OK
9/3/2017 6:00,85.318988,OK
9/3/2017 7:00,89.244685,OK
9/3/2017 8:00,88.278261,OK
9/3/2017 9:00,86.989235,OK
9/3/2017 10:00,88.362231,OK
9/3/2017 11:00,92.004625,OK
9/3/2017 12:00,90.908808,OK
9/3/2017 13:00,90.519439,OK
9/3/2017 14:00,92.1586,OK
9/3/2017 15:00,89.494025,OK
9/3/2017 16:00,87.819803,OK
9/3/2017 17:00,87.320706,OK
9/3/2017 18:00,87.594471,OK
9/3/2017 19:00,88.408407,OK
9/3/2017 20:00,88.491803,OK
9/3/2017 21:00,88.261419,OK
9/3/2017 22:00,89.304686,OK
9/3/2017 23:00,87.168617,OK
9/4/2017 0:00,87.301926,OK
9/4/2017 1:00,84.198079,OK
9/4/2017 2:00,86.115815,OK
9/4/2017 3:00,84.138125,OK
9/4/2017 4:00,86.041724,OK
9/4/2017 5:00,87.333552,OK
9/4/2017 6:00,86.973676,OK
9/4/2017 7:00,92.047832,OK
9/4/2017 8:00,94.195321,OK
9/4/2017 9:00,91.291979,OK
9/4/2017 10:00,91.19808,OK
9/4/2017 11:00,90.857026,OK
9/4/2017 12:00,91.248809,OK
9/4/2017 13:00,90.8093,OK
9/4/2017 14:00,91.847289,OK
9/4/2017 15:00,87.601313,OK
9/4/2017 16:00,87.8552,OK
9/4/2017 17:00,89.723102,OK
9/4/2017 18:00,93.208923,OK
9/4/2017 19:00,92.716517,OK
9/4/2017 20:00,90.401119,OK
9/4/2017 21:00,88.771019,OK
9/4/2017 22:00,90.825051,OK
9/4/2017 23:00,89.740002,OK
9/5/2017 0:00,88.021281,OK
9/5/2017 1:00,86.867417,OK
9/5/2017 2:00,84.098191,OK
9/5/2017 3:00,85.671986,OK
9/5/2017 4:00,86.596205,OK
9/5/2017 5:00,86.423163,OK
9/5/2017 6:00,88.263897,OK
9/5/2017 7:00,97.229873,OK
9/5/2017 8:00,101.780375,OK
9/5/2017 9:00,104.262294,OK
9/5/2017 10:00,101.306486,OK
9/5/2017 11:00,97.503713,OK
9/5/2017 12:00,99.1539,OK
9/5/2017 13:00,97.114858,OK
9/5/2017 14:00,96.474087,OK
9/5/2017 15:00,98.0039,OK
9/5/2017 16:00,95.623814,OK
9/5/2017 17:00,96.146824,OK
9/5/2017 18:00,98.552176,OK
9/5/2017 19:00,96.129564,OK
9/5/2017 20:00,97.314706,OK
9/5/2017 21:00,98.042531,OK
9/5/2017 22:00,98.260691,OK
9/5/2017 23:00,97.395724,OK
9/6/2017 0:00,96.131039,OK
9/6/2017 1:00,92.825846,OK
9/6/2017 2:00,92.299404,OK
9/6/2017 3:00,93.704443,OK
9/6/2017 4:00,93.153517,OK
9/6/2017 5:00,93.265538,OK
9/6/2017 6:00,96.019058,OK
9/6/2017 7:00,110.381317,OK
9/6/2017 8:00,114.592661,OK
9/6/2017 9:00,105.100765,OK
9/6/2017 10:00,100.809931,OK
9/6/2017 11:00,99.822799,OK
9/6/2017 12:00,97.785334,OK
9/6/2017 13:00,96.926044,OK
9/6/2017 14:00,100.38582,OK
9/6/2017 15:00,100.52501,OK
9/6/2017 16:00,95.568211,OK
9/6/2017 17:00,97.164871,OK
9/6/2017 18:00,98.219902,OK
9/6/2017 19:00,99.60995,OK
9/6/2017 20:00,97.812812,OK
9/6/2017 21:00,97.693865,OK
9/6/2017 22:00,100.251703,OK
9/6/2017 23:00,96.892869,OK
9/7/2017 0:00,94.507303,OK
9/7/2017 1:00,92.619988,OK
9/7/2017 2:00,98.365302,OK
9/7/2017 3:00,98.865296,OK
9/7/2017 4:00,95.813931,OK
9/7/2017 5:00,96.603404,OK
9/7/2017 6:00,100.704839,OK
9/7/2017 7:00,107.516935,OK
9/7/2017 8:00,109.885015,OK
9/7/2017 9:00,107.889985,OK
9/7/2017 10:00,100.439895,OK
9/7/2017 11:00,99.824323,OK
9/7/2017 12:00,97.073762,OK
9/7/2017 13:00,103.401528,OK
9/7/2017 14:00,99.758363,OK
9/7/2017 15:00,104.33968,OK
9/7/2017 16:00,96.241319,OK
9/7/2017 17:00,96.194529,OK
9/7/2017 18:00,99.21816,OK
9/7/2017 19:00,99.886298,OK
9/7/2017 20:00,98.14261,OK
9/7/2017 21:00,98.31258,OK
9/7/2017 22:00,96.650186,OK
9/7/2017 23:00,97.531174,OK
9/8/2017 0:00,96.008198,OK
9/8/2017 1:00,94.137348,OK
9/8/2017 2:00,94.121981,OK
9/8/2017 3:00,95.807483,OK
9/8/2017 4:00,93.139292,OK
9/8/2017 5:00,95.71346,OK
9/8/2017 6:00,96.412979,OK
9/8/2017 7:00,108.996377,OK
9/8/2017 8:00,108.414783,OK
9/8/2017 9:00,105.243727,OK
9/8/2017 10:00,102.291314,OK
9/8/2017 11:00,100.243812,OK
9/8/2017 12:00,101.748588,OK
9/8/2017 13:00,99.907485,OK
9/8/2017 14:00,100.93394,OK
9/8/2017 15:00,99.632124,OK
9/8/2017 16:00,97.265058,OK
9/8/2017 17:00,94.70634,OK
9/8/2017 18:00,96.271953,OK
9/8/2017 19:00,94.32966,OK
9/8/2017 20:00,92.86787,OK
9/8/2017 21:00,92.954784,OK
9/8/2017 22:00,96.304867,OK
9/8/2017 23:00,92.163102,OK
9/9/2017 0:00,90.941326,OK
9/9/2017 1:00,89.145507,OK
9/9/2017 2:00,89.151001,OK
9/9/2017 3:00,88.228068,OK
9/9/2017 4:00,89.670908,OK
9/9/2017 5:00,90.28836,OK
9/9/2017 6:00,91.591843,OK
9/9/2017 7:00,93.553444,OK
9/9/2017 8:00,95.168981,OK
9/9/2017 9:00,93.524173,OK
9/9/2017 10:00,95.446597,OK
9/9/2017 11:00,95.859421,OK
9/9/2017 12:00,95.392871,OK
9/9/2017 13:00,96.835854,OK
9/9/2017 14:00,94.693377,OK
9/9/2017 15:00,93.048943,OK
9/9/2017 16:00,94.49956,OK
9/9/2017 17:00,92.582046,OK
9/9/2017 18:00,89.519066,OK
9/9/2017 19:00,94.437489,OK
9/9/2017 20:00,92.957764,OK
9/9/2017 21:00,92.017965,OK
9/9/2017 22:00,92.971956,OK
9/9/2017 23:00,98.680636,OK
9/10/2017 0:00,93.384724,OK
9/10/2017 1:00,92.060705,OK
9/10/2017 2:00,90.956193,OK
9/10/2017 3:00,94.858038,OK
9/10/2017 4:00,97.890089,OK
9/10/2017 5:00,95.381641,OK
9/10/2017 6:00,94.008492,OK
9/10/2017 7:00,101.302776,OK
9/10/2017 8:00,97.288122,OK
9/10/2017 9:00,95.845209,OK
9/10/2017 10:00,92.685334,OK
9/10/2017 11:00,95.209565,OK
9/10/2017 12:00,94.62741,OK
9/10/2017 13:00,95.957843,OK
9/10/2017 14:00,95.17435,OK
9/10/2017 15:00,92.059558,OK
9/10/2017 16:00,90.128239,OK
9/10/2017 17:00,90.174759,OK
9/10/2017 18:00,90.716547,OK
9/10/2017 19:00,92.055359,OK
9/10/2017 20:00,91.352373,OK
9/10/2017 21:00,92.988252,OK
9/10/2017 22:00,95.092386,OK
9/10/2017 23:00,96.093903,OK
9/11/2017 0:00,94.017791,OK
9/11/2017 1:00,89.681237,OK
9/11/2017 2:00,91.786292,OK
9/11/2017 3:00,90.196249,OK
9/11/2017 4:00,94.616805,OK
9/11/2017 5:00,98.567972,OK
9/11/2017 6:00,98.567306,OK
9/11/2017 7:00,104.255985,OK
9/11/2017 8:00,108.083549,OK
9/11/2017 9:00,99.719079,OK
9/11/2017 10:00,99.0173,OK
9/11/2017 11:00,94.136792,OK
9/11/2017 12:00,93.140274,OK
9/11/2017 13:00,91.380145,OK
9/11/2017 14:00,96.031684,OK
9/11/2017 15:00,92.473846,OK
9/11/2017 16:00,93.73013,OK
9/11/2017 17:00,90.442709,OK
9/11/2017 18:00,96.214816,OK
9/11/2017 19:00,97.969999,OK
9/11/2017 20:00,95.891934,OK
9/11/2017 21:00,95.247415,OK
9/11/2017 22:00,95.045106,OK
9/11/2017 23:00,94.576416,OK
9/12/2017 0:00,95.202926,OK
9/12/2017 1:00,87.943099,OK
9/12/2017 2:00,92.318477,OK
9/12/2017 3:00,90.994138,OK
9/12/2017 4:00,89.941545,OK
9/12/2017 5:00,89.457767,OK
9/12/2017 6:00,94.788162,OK
9/12/2017 7:00,99.842637,OK
9/12/2017 8:00,105.552995,OK
9/12/2017 9:00,106.015881,OK
9/12/2017 10:00,99.041707,OK
9/12/2017 11:00,98.373962,OK
9/12/2017 12:00,96.59029,OK
9/12/2017 13:00,96.371287,OK
9/12/2017 14:00,97.329251,OK
9/12/2017 15:00,86.824266,OK
9/12/2017 16:00,92.653359,OK
9/12/2017 17:00,93.436781,OK
9/12/2017 18:00,103.509133,OK
9/12/2017 19:00,104.572277,OK
9/12/2017 20:00,104.253332,OK
9/12/2017 21:00,101.323556,OK
9/12/2017 22:00,101.702669,OK
9/12/2017 23:00,101.310621,OK
9/13/2017 0:00,98.990532,OK
9/13/2017 1:00,95.909731,OK
9/13/2017 2:00,94.204466,OK
9/13/2017 3:00,92.36314,OK
9/13/2017 4:00,90.388179,OK
9/13/2017 5:00,92.964631,OK
9/13/2017 6:00,95.07137,OK
9/13/2017 7:00,103.766564,OK
9/13/2017 8:00,114.938601,OK
9/13/2017 9:00,117.170413,OK
9/13/2017 10:00,114.304906,OK
9/13/2017 11:00,114.58871,OK
9/13/2017 12:00,114.067919,OK
9/13/2017 13:00,108.060652,OK
9/13/2017 14:00,116.970714,OK
9/13/2017 15:00,114.392022,OK
9/13/2017 16:00,110.061465,OK
9/13/2017 17:00,108.20479,OK
9/13/2017 18:00,115.00285,OK
9/13/2017 19:00,111.80847,OK
9/13/2017 20:00,110.343857,OK
9/13/2017 21:00,107.728226,OK
9/13/2017 22:00,106.489953,OK
9/13/2017 23:00,102.720785,OK
9/14/2017 0:00,103.287583,OK
9/14/2017 1:00,103.043478,OK
9/14/2017 2:00,104.285748,OK
9/14/2017 3:00,100.110122,OK
9/14/2017 4:00,99.012891,OK
9/14/2017 5:00,99.253765,OK
9/14/2017 6:00,102.79717,OK
9/14/2017 7:00,110.648025,OK
9/14/2017 8:00,114.149197,OK
9/14/2017 9:00,116.929927,OK
9/14/2017 10:00,115.483871,OK
9/14/2017 11:00,110.40877,OK
9/14/2017 12:00,107.096512,OK
9/14/2017 13:00,108.854814,OK
9/14/2017 14:00,108.959008,OK
9/14/2017 15:00,88.482554,OK
9/14/2017 16:00,100.292607,OK
9/14/2017 17:00,97.00805,OK
9/14/2017 18:00,97.779477,OK
9/14/2017 19:00,102.100416,OK
9/14/2017 20:00,103.11529,OK
9/14/2017 21:00,102.647241,OK
9/14/2017 22:00,100.635557,OK
9/14/2017 23:00,99.158071,OK
9/15/2017 0:00,90.499093,OK
9/15/2017 1:00,88.101369,OK
9/15/2017 2:00,90.75684,OK
9/15/2017 3:00,87.312386,OK
9/15/2017 4:00,88.281519,OK
9/15/2017 5:00,89.322153,OK
9/15/2017 6:00,93.452373,OK
9/15/2017 7:00,112.871371,OK
9/15/2017 8:00,116.252592,OK
9/15/2017 9:00,115.803885,OK
9/15/2017 10:00,107.535142,OK
9/15/2017 11:00,96.450195,OK
9/15/2017 12:00,97.090385,OK
9/15/2017 13:00,96.448991,OK
9/15/2017 14:00,97.849342,OK
9/15/2017 15:00,96.478134,OK
9/15/2017 16:00,94.159768,OK
9/15/2017 17:00,95.031264,OK
9/15/2017 18:00,95.294717,OK
9/15/2017 19:00,94.981137,OK
9/15/2017 20:00,95.525301,OK
9/15/2017 21:00,94.026569,OK
9/15/2017 22:00,93.650321,OK
9/15/2017 23:00,93.35949,OK
9/16/2017 0:00,90.744806,OK
9/16/2017 1:00,87.315237,OK
9/16/2017 2:00,86.275027,OK
9/16/2017 3:00,86.864258,OK
9/16/2017 4:00,86.11325,OK
9/16/2017 5:00,85.694371,OK
9/16/2017 6:00,86.633062,OK
9/16/2017 7:00,90.097348,OK
9/16/2017 8:00,91.704559,OK
9/16/2017 9:00,93.362794,OK
9/16/2017 10:00,92.321168,OK
9/16/2017 11:00,95.429422,OK
9/16/2017 12:00,96.819751,OK
9/16/2017 13:00,98.467164,OK
9/16/2017 14:00,97.688427,OK
9/16/2017 15:00,95.672687,OK
9/16/2017 16:00,94.469318,OK
9/16/2017 17:00,91.009949,OK
9/16/2017 18:00,92.258589,OK
9/16/2017 19:00,93.233423,OK
9/16/2017 20:00,91.838245,OK
9/16/2017 21:00,94.534233,OK
9/16/2017 22:00,91.817727,OK
9/16/2017 23:00,89.999319,OK
9/17/2017 0:00,88.758677,OK
9/17/2017 1:00,85.099978,OK
9/17/2017 2:00,85.494887,OK
9/17/2017 3:00,86.207221,OK
9/17/2017 4:00,86.422364,OK
9/17/2017 5:00,85.611532,OK
9/17/2017 6:00,85.904771,OK
9/17/2017 7:00,89.717278,OK
9/17/2017 8:00,91.982037,OK
9/17/2017 9:00,90.625648,OK
9/17/2017 10:00,91.853605,OK
9/17/2017 11:00,93.991234,OK
9/17/2017 12:00,96.195514,OK
9/17/2017 13:00,92.268663,OK
9/17/2017 14:00,94.862455,OK
9/17/2017 15:00,94.457002,OK
9/17/2017 16:00,91.501513,OK
9/17/2017 17:00,92.402845,OK
9/17/2017 18:00,96.245133,OK
9/17/2017 19:00,94.0927,OK
9/17/2017 20:00,93.528416,OK
9/17/2017 21:00,94.219892,OK
9/17/2017 22:00,93.604686,OK
9/17/2017 23:00,94.298612,OK
9/18/2017 0:00,90.947375,OK
9/18/2017 1:00,91.271353,OK
9/18/2017 2:00,88.222672,OK
9/18/2017 3:00,86.562411,OK
9/18/2017 4:00,86.778796,OK
9/18/2017 5:00,85.270283,OK
9/18/2017 6:00,88.483534,OK
9/18/2017 7:00,96.353743,OK
9/18/2017 8:00,101.834194,OK
9/18/2017 9:00,101.716094,OK
9/18/2017 10:00,96.286362,OK
9/18/2017 11:00,94.863108,OK
9/18/2017 12:00,96.392863,OK
9/18/2017 13:00,96.457587,OK
9/18/2017 14:00,102.631091,OK
9/18/2017 15:00,100.709275,OK
9/18/2017 16:00,97.459328,OK
9/18/2017 17:00,97.021012,OK
9/18/2017 18:00,96.938864,OK
9/18/2017 19:00,99.278566,OK
9/18/2017 20:00,99.817007,OK
9/18/2017 21:00,98.681954,OK
9/18/2017 22:00,97.96757,OK
9/18/2017 23:00,98.514487,OK
9/19/2017 0:00,95.675729,OK
9/19/2017 1:00,90.389721,OK
9/19/2017 2:00,90.98231,OK
9/19/2017 3:00,88.35099,OK
9/19/2017 4:00,89.794285,OK
9/19/2017 5:00,89.917642,OK
9/19/2017 6:00,90.0675,OK
9/19/2017 7:00,96.421797,OK
9/19/2017 8:00,104.103153,OK
9/19/2017 9:00,106.791628,OK
9/19/2017 10:00,99.070752,OK
9/19/2017 11:00,93.920282,OK
9/19/2017 12:00,95.8206,OK
9/19/2017 13:00,123.38451,OK
9/19/2017 14:00,132.36895,OK
9/19/2017 15:00,129.42024,OK
9/19/2017 16:00,134.99753,OK
9/19/2017 17:00,131.58702,OK
9/19/2017 18:00,133.65555,OK
9/19/2017 19:00,135.42843,OK
9/19/2017 20:00,138.76697,OK
9/19/2017 21:00,137.23381,OK
9/19/2017 22:00,131.76926,OK
9/19/2017 23:00,125.29439,OK
9/20/2017 0:00,125.47371,OK
9/20/2017 1:00,117.50362,OK
9/20/2017 2:00,116.62066,OK
9/20/2017 3:00,121.77354,OK
9/20/2017 4:00,119.94014,OK
9/20/2017 5:00,119.34376,OK
9/20/2017 6:00,129.09403,OK
9/20/2017 7:00,124.75048,OK
9/20/2017 8:00,137.36345,OK
9/20/2017 9:00,143.77454,OK
9/20/2017 10:00,139.88155,OK
9/20/2017 11:00,140.08201,OK
9/20/2017 12:00,131.1609,OK
9/20/2017 13:00,134.62161,OK
9/20/2017 14:00,137.61032,OK
9/20/2017 15:00,130.83757,OK
9/20/2017 16:00,133.24445,OK
9/20/2017 17:00,123.536872,OK
9/20/2017 18:00,141.77249,OK
9/20/2017 19:00,134.42002,OK
9/20/2017 20:00,137.36559,OK
9/20/2017 21:00,140.55555,OK
9/20/2017 22:00,142.20236,OK
9/20/2017 23:00,139.22341,OK
9/21/2017 0:00,138.52127,OK
9/21/2017 1:00,135.9229,OK
9/21/2017 2:00,135.86269,OK
9/21/2017 3:00,128.01939,OK
9/21/2017 4:00,115.751803,OK
9/21/2017 5:00,124.02016,OK
9/21/2017 6:00,111.85375,OK
9/21/2017 7:00,117.25186,OK
9/21/2017 8:00,139.23951,OK
9/21/2017 9:00,141.45176,OK
9/21/2017 10:00,142.60556,OK
9/21/2017 11:00,146.21234,OK
9/21/2017 12:00,140.57154,OK
9/21/2017 13:00,141.73872,OK
9/21/2017 14:00,133.21183,OK
9/21/2017 15:00,142.20909,OK
9/21/2017 16:00,137.50155,OK
9/21/2017 17:00,131.52048,OK
9/21/2017 18:00,139.62878,OK
9/21/2017 19:00,140.75975,OK
9/21/2017 20:00,138.37119,OK
9/21/2017 21:00,138.8896,OK
9/21/2017 22:00,136.42854,OK
9/21/2017 23:00,135.45783,OK
9/22/2017 0:00,136.80191,OK
9/22/2017 1:00,128.80348,OK
9/22/2017 2:00,118.89585,OK
9/22/2017 3:00,116.93548,OK
9/22/2017 4:00,113.97996,OK
9/22/2017 5:00,113.813996,OK
9/22/2017 6:00,127.69586,OK
9/22/2017 7:00,118.41334,OK
9/22/2017 8:00,135.45728,OK
9/22/2017 9:00,140.57653,OK
9/22/2017 10:00,141.69514,OK
9/22/2017 11:00,143.3153,OK
9/22/2017 12:00,140.606,OK
9/22/2017 13:00,138.09026,OK
9/22/2017 14:00,144.75406,OK
9/22/2017 15:00,134.49961,OK
9/22/2017 16:00,130.32039,OK
9/22/2017 17:00,141.46941,OK
9/22/2017 18:00,141.49464,OK
9/22/2017 19:00,139.60171,OK
9/22/2017 20:00,141.74517,OK
9/22/2017 21:00,139.1402,OK
9/22/2017 22:00,142.9448,OK
9/22/2017 23:00,137.26299,OK
9/23/2017 0:00,134.42571,OK
9/23/2017 1:00,125.71347,OK
9/23/2017 2:00,125.94824,OK
9/23/2017 3:00,125.41033,OK
9/23/2017 4:00,123.04086,OK
9/23/2017 5:00,120.57687,OK
9/23/2017 6:00,110.14397,OK
9/23/2017 7:00,114.20602,OK
9/23/2017 8:00,130.1381,OK
9/23/2017 9:00,132.23521,OK
9/23/2017 10:00,136.01461,OK
9/23/2017 11:00,137.09664,OK
9/23/2017 12:00,133.46165,OK
9/23/2017 13:00,134.46878,OK
9/23/2017 14:00,132.65158,OK
9/23/2017 15:00,132.27073,OK
9/23/2017 16:00,130.67925,OK
9/23/2017 17:00,129.35258,OK
9/23/2017 18:00,131.29413,OK
9/23/2017 19:00,129.76128,OK
9/23/2017 20:00,127.910088,OK
9/23/2017 21:00,126.005313,OK
9/23/2017 22:00,129.585262,OK
9/23/2017 23:00,130.213875,OK
9/24/2017 0:00,129.27025,OK
9/24/2017 1:00,122.074058,OK
9/24/2017 2:00,123.410181,OK
9/24/2017 3:00,114.452749,OK
9/24/2017 4:00,115.069345,OK
9/24/2017 5:00,117.434038,OK
9/24/2017 6:00,117.709349,OK
9/24/2017 7:00,116.853954,OK
9/24/2017 8:00,115.73825,OK
9/24/2017 9:00,124.450982,OK
9/24/2017 10:00,125.494729,OK
9/24/2017 11:00,130.479299,OK
9/24/2017 12:00,130.118994,OK
9/24/2017 13:00,132.710606,OK
9/24/2017 14:00,132.004062,OK
9/24/2017 15:00,127.536733,OK
9/24/2017 16:00,128.686384,OK
9/24/2017 17:00,129.939124,OK
9/24/2017 18:00,128.250541,OK
9/24/2017 19:00,128.842826,OK
9/24/2017 20:00,119.994198,OK
9/24/2017 21:00,120.356193,OK
9/24/2017 22:00,123.806355,OK
9/24/2017 23:00,129.455621,OK
9/25/2017 0:00,130.957928,OK
9/25/2017 1:00,124.544845,OK
9/25/2017 2:00,121.539504,OK
9/25/2017 3:00,121.105416,OK
9/25/2017 4:00,116.889663,OK
9/25/2017 5:00,118.178962,OK
9/25/2017 6:00,119.361045,OK
9/25/2017 7:00,129.463777,OK
9/25/2017 8:00,128.842916,OK
9/25/2017 9:00,138.595541,OK
9/25/2017 10:00,130.281716,OK
9/25/2017 11:00,133.52408,OK
9/25/2017 12:00,130.274203,OK
9/25/2017 13:00,107.595313,OK
9/25/2017 14:00,134.909241,OK
9/25/2017 15:00,128.535444,OK
9/25/2017 16:00,129.572613,OK
9/25/2017 17:00,129.052973,OK
9/25/2017 18:00,132.593598,OK
9/25/2017 19:00,132.95899,OK
9/25/2017 20:00,131.799153,OK
9/25/2017 21:00,131.811662,OK
9/25/2017 22:00,137.413037,OK
9/25/2017 23:00,130.765568,OK
9/26/2017 0:00,128.743101,OK
9/26/2017 1:00,125.4776,OK
9/26/2017 2:00,123.705645,OK
9/26/2017 3:00,121.486204,OK
9/26/2017 4:00,122.963015,OK
9/26/2017 5:00,121.23726,OK
9/26/2017 6:00,124.694186,OK
9/26/2017 7:00,126.602486,OK
9/26/2017 8:00,118.261082,OK
9/26/2017 9:00,140.820074,OK
9/26/2017 10:00,140.511979,OK
9/26/2017 11:00,133.072858,OK
9/26/2017 12:00,134.685494,OK
9/26/2017 13:00,132.012422,OK
9/26/2017 14:00,132.667174,OK
9/26/2017 15:00,130.105296,OK
9/26/2017 16:00,129.468584,OK
9/26/2017 17:00,126.350981,OK
9/26/2017 18:00,128.020083,OK
9/26/2017 19:00,129.143324,OK
9/26/2017 20:00,127.865794,OK
9/26/2017 21:00,128.020453,OK
9/26/2017 22:00,136.051626,OK
9/26/2017 23:00,131.41015,OK
9/27/2017 0:00,129.73358,OK
9/27/2017 1:00,126.53306,OK
9/27/2017 2:00,125.027765,OK
9/27/2017 3:00,119.869275,OK
9/27/2017 4:00,118.375188,OK
9/27/2017 5:00,119.823341,OK
9/27/2017 6:00,124.971965,OK
9/27/2017 7:00,127.16105,OK
9/27/2017 8:00,132.895013,OK
9/27/2017 9:00,140.34168,OK
9/27/2017 10:00,133.43533,OK
9/27/2017 11:00,132.397186,OK
9/27/2017 12:00,130.772808,OK
9/27/2017 13:00,117.041554,OK
9/27/2017 14:00,119.510563,OK
9/27/2017 15:00,91.054688,OK
9/27/2017 16:00,88.892463,OK
9/27/2017 17:00,97.690893,OK
9/27/2017 18:00,96.449848,OK
9/27/2017 19:00,99.465131,OK
9/27/2017 20:00,91.096818,OK
9/27/2017 21:00,92.541017,OK
9/27/2017 22:00,94.164281,OK
9/27/2017 23:00,91.294486,OK
9/28/2017 0:00,91.826663,OK
9/28/2017 1:00,89.003679,OK
9/28/2017 2:00,88.947991,OK
9/28/2017 3:00,91.19778,OK
9/28/2017 4:00,90.629946,OK
9/28/2017 5:00,97.38425,OK
9/28/2017 6:00,90.413947,OK
9/28/2017 7:00,106.549528,OK
9/28/2017 8:00,109.421186,OK
9/28/2017 9:00,108.310253,OK
9/28/2017 10:00,100.704319,OK
9/28/2017 11:00,103.237438,OK
9/28/2017 12:00,95.273095,OK
9/28/2017 13:00,93.474772,OK
9/28/2017 14:00,94.646329,OK
9/28/2017 15:00,95.231313,OK
9/28/2017 16:00,88.03299,OK
9/28/2017 17:00,85.951695,OK
9/28/2017 18:00,88.463343,OK
9/28/2017 19:00,90.37508,OK
9/28/2017 20:00,88.367753,OK
9/28/2017 21:00,88.754343,OK
9/28/2017 22:00,90.877515,OK
9/28/2017 23:00,88.397931,OK
9/29/2017 0:00,89.171141,OK
9/29/2017 1:00,84.520067,OK
9/29/2017 2:00,84.154601,OK
9/29/2017 3:00,88.732298,OK
9/29/2017 4:00,84.802958,OK
9/29/2017 5:00,84.126062,OK
9/29/2017 6:00,91.154693,OK
9/29/2017 7:00,99.238018,OK
9/29/2017 8:00,102.09322,OK
9/29/2017 9:00,99.374717,OK
9/29/2017 10:00,99.046327,OK
9/29/2017 11:00,120.161656,OK
9/29/2017 12:00,98.861327,OK
9/29/2017 13:00,115.604733,OK
9/29/2017 14:00,117.489421,OK
9/29/2017 15:00,112.638761,OK
9/29/2017 16:00,111.598071,OK
9/29/2017 17:00,109.833906,OK
9/29/2017 18:00,111.585515,OK
9/29/2017 19:00,118.165309,OK
9/29/2017 20:00,116.175155,OK
9/29/2017 21:00,121.031245,OK
9/29/2017 22:00,121.287125,OK
9/29/2017 23:00,117.957258,OK
9/30/2017 0:00,114.554008,OK
9/30/2017 1:00,105.327558,OK
9/30/2017 2:00,107.870458,OK
9/30/2017 3:00,109.744864,OK
9/30/2017 4:00,107.588181,OK
9/30/2017 5:00,115.508231,OK
9/30/2017 6:00,118.527448,OK
9/30/2017 7:00,122.879262,OK
9/30/2017 8:00,123.096604,OK
9/30/2017 9:00,124.322087,OK
9/30/2017 10:00,118.069918,OK
9/30/2017 11:00,118.458284,OK
9/30/2017 12:00,120.255128,OK
9/30/2017 13:00,120.100927,OK
9/30/2017 14:00,117.344628,OK
9/30/2017 15:00,113.881366,OK
9/30/2017 16:00,114.447479,OK
9/30/2017 17:00,114.187101,OK
9/30/2017 18:00,113.658086,OK
9/30/2017 19:00,117.426125,OK
9/30/2017 20:00,116.042075,OK
9/30/2017 21:00,119.546189,OK
9/30/2017 22:00,117.824708,OK
9/30/2017 23:00,113.304019,OK
10/1/2017 0:00,120.215961,OK
10/1/2017 1:00,114.306662,OK
10/1/2017 2:00,117.481746,OK
10/1/2017 3:00,119.234297,OK
10/1/2017 4:00,120.674348,OK
10/1/2017 5:00,120.589633,OK
10/1/2017 6:00,120.662629,OK
10/1/2017 7:00,131.069701,OK
10/1/2017 8:00,130.182181,OK
10/1/2017 9:00,125.640078,OK
10/1/2017 10:00,118.679822,OK
10/1/2017 11:00,118.452953,OK
10/1/2017 12:00,120.226067,OK
10/1/2017 13:00,121.654732,OK
10/1/2017 14:00,119.697582,OK
10/1/2017 15:00,114.625661,OK
10/1/2017 16:00,111.757124,OK
10/1/2017 17:00,110.547056,OK
10/1/2017 18:00,112.445233,OK
10/1/2017 19:00,111.974102,OK
10/1/2017 20:00,112.434444,OK
10/1/2017 21:00,114.795951,OK
10/1/2017 22:00,114.62068,OK
10/1/2017 23:00,112.538787,OK
10/2/2017 0:00,112.357092,OK
10/2/2017 1:00,103.699106,OK
10/2/2017 2:00,103.41696,OK
10/2/2017 3:00,100.423171,OK
10/2/2017 4:00,100.438606,OK
10/2/2017 5:00,105.704791,OK
10/2/2017 6:00,100.243859,OK
10/2/2017 7:00,114.794959,OK
10/2/2017 8:00,119.992656,OK
10/2/2017 9:00,127.607808,OK
10/2/2017 10:00,118.466341,OK
10/2/2017 11:00,114.673126,OK
10/2/2017 12:00,113.626884,OK
10/2/2017 13:00,112.648004,OK
10/2/2017 14:00,112.657355,OK
10/2/2017 15:00,110.174804,OK
10/2/2017 16:00,108.476135,OK
10/2/2017 17:00,108.878512,OK
10/2/2017 18:00,113.457106,OK
10/2/2017 19:00,112.126651,OK
10/2/2017 20:00,110.279914,OK
10/2/2017 21:00,111.106933,OK
10/2/2017 22:00,106.788191,OK
10/2/2017 23:00,106.751659,OK
10/3/2017 0:00,110.224631,OK
10/3/2017 1:00,96.982959,OK
10/3/2017 2:00,101.713969,OK
10/3/2017 3:00,94.646807,OK
10/3/2017 4:00,95.718647,OK
10/3/2017 5:00,97.85532,OK
10/3/2017 6:00,98.988898,OK
10/3/2017 7:00,109.578702,OK
10/3/2017 8:00,120.381154,OK
10/3/2017 9:00,118.298477,OK
10/3/2017 10:00,114.717747,OK
10/3/2017 11:00,114.235425,OK
10/3/2017 12:00,111.650098,OK
10/3/2017 13:00,108.707734,OK
10/3/2017 14:00,114.443768,OK
10/3/2017 15:00,112.744345,OK
10/3/2017 16:00,118.41325,OK
10/3/2017 17:00,113.41764,OK
10/3/2017 18:00,114.261125,OK
10/3/2017 19:00,118.311838,OK
10/3/2017 20:00,115.474173,OK
10/3/2017 21:00,109.203278,OK
10/3/2017 22:00,112.082232,OK
10/3/2017 23:00,109.368161,OK
10/4/2017 0:00,107.899809,OK
10/4/2017 1:00,97.142273,OK
10/4/2017 2:00,97.673298,OK
10/4/2017 3:00,96.234688,OK
10/4/2017 4:00,95.502175,OK
10/4/2017 5:00,97.861754,OK
10/4/2017 6:00,97.839909,OK
10/4/2017 7:00,109.375823,OK
10/4/2017 8:00,120.523805,OK
10/4/2017 9:00,118.551421,OK
10/4/2017 10:00,116.948938,OK
10/4/2017 11:00,117.078035,OK
10/4/2017 12:00,115.483578,OK
10/4/2017 13:00,115.278745,OK
10/4/2017 14:00,114.807939,OK
10/4/2017 15:00,111.094538,OK
10/4/2017 16:00,108.479399,OK
10/4/2017 17:00,109.123451,OK
10/4/2017 18:00,116.214965,OK
10/4/2017 19:00,117.596261,OK
10/4/2017 20:00,115.071548,OK
10/4/2017 21:00,113.572292,OK
10/4/2017 22:00,111.212056,OK
10/4/2017 23:00,108.14633,OK
10/5/2017 0:00,108.426101,OK
10/5/2017 1:00,98.532205,OK
10/5/2017 2:00,99.964308,OK
10/5/2017 3:00,98.824995,OK
10/5/2017 4:00,99.266509,OK
10/5/2017 5:00,101.888915,OK
10/5/2017 6:00,106.257878,OK
10/5/2017 7:00,119.227263,OK
10/5/2017 8:00,122.831802,OK
10/5/2017 9:00,129.177658,OK
10/5/2017 10:00,121.392197,OK
10/5/2017 11:00,124.324315,OK
10/5/2017 12:00,117.283464,OK
10/5/2017 13:00,116.1871,OK
10/5/2017 14:00,107.691057,OK
10/5/2017 15:00,106.135671,OK
10/5/2017 16:00,117.801998,OK
10/5/2017 17:00,117.435413,OK
10/5/2017 18:00,107.75614,OK
10/5/2017 19:00,108.47242,OK
10/5/2017 20:00,104.413494,OK
10/5/2017 21:00,102.730463,OK
10/5/2017 22:00,108.250249,OK
10/5/2017 23:00,104.807574,OK
10/6/2017 0:00,106.203738,OK
10/6/2017 1:00,99.277835,OK
10/6/2017 2:00,98.391502,OK
10/6/2017 3:00,94.665956,OK
10/6/2017 4:00,92.608323,OK
10/6/2017 5:00,94.362688,OK
10/6/2017 6:00,95.065615,OK
10/6/2017 7:00,109.669504,OK
10/6/2017 8:00,117.198859,OK
10/6/2017 9:00,126.705972,OK
10/6/2017 10:00,113.357862,OK
10/6/2017 11:00,118.364534,OK
10/6/2017 12:00,113.252832,OK
10/6/2017 13:00,114.354402,OK
10/6/2017 14:00,114.522948,OK
10/6/2017 15:00,112.843811,OK
10/6/2017 16:00,112.40161,OK
10/6/2017 17:00,111.717566,OK
10/6/2017 18:00,116.234472,OK
10/6/2017 19:00,115.193661,OK
10/6/2017 20:00,108.36271,OK
10/6/2017 21:00,109.127899,OK
10/6/2017 22:00,107.636987,OK
10/6/2017 23:00,102.38773,OK
10/7/2017 0:00,100.656555,OK
10/7/2017 1:00,90.328452,OK
10/7/2017 2:00,93.51426,OK
10/7/2017 3:00,94.469874,OK
10/7/2017 4:00,93.542408,OK
10/7/2017 5:00,93.060932,OK
10/7/2017 6:00,92.141655,OK
10/7/2017 7:00,98.559716,OK
10/7/2017 8:00,103.191428,OK
10/7/2017 9:00,103.26378,OK
10/7/2017 10:00,104.450308,OK
10/7/2017 11:00,108.102971,OK
10/7/2017 12:00,110.073054,OK
10/7/2017 13:00,107.363501,OK
10/7/2017 14:00,107.140775,OK
10/7/2017 15:00,106.806358,OK
10/7/2017 16:00,108.633613,OK
10/7/2017 17:00,112.233214,OK
10/7/2017 18:00,116.744032,OK
10/7/2017 19:00,109.419188,OK
10/7/2017 20:00,108.733192,OK
10/7/2017 21:00,108.362146,OK
10/7/2017 22:00,109.419675,OK
10/7/2017 23:00,103.759958,OK
10/8/2017 0:00,103.818904,OK
10/8/2017 1:00,101.108536,OK
10/8/2017 2:00,99.652147,OK
10/8/2017 3:00,99.712351,OK
10/8/2017 4:00,105.12635,OK
10/8/2017 5:00,100.516358,OK
10/8/2017 6:00,103.366574,OK
10/8/2017 7:00,107.262488,OK
10/8/2017 8:00,108.950267,OK
10/8/2017 9:00,108.584241,OK
10/8/2017 10:00,104.60851,OK
10/8/2017 11:00,118.61964,OK
10/8/2017 12:00,104.327118,OK
10/8/2017 13:00,118.95701,OK
10/8/2017 14:00,103.657342,OK
10/8/2017 15:00,107.244373,OK
10/8/2017 16:00,105.500633,OK
10/8/2017 17:00,103.174176,OK
10/8/2017 18:00,104.639258,OK
10/8/2017 19:00,106.232626,OK
10/8/2017 20:00,106.591977,OK
10/8/2017 21:00,104.588681,OK
10/8/2017 22:00,106.527087,OK
10/8/2017 23:00,103.666405,OK
10/9/2017 0:00,105.25713,OK
10/9/2017 1:00,97.723372,OK
10/9/2017 2:00,97.792848,OK
10/9/2017 3:00,96.956782,OK
10/9/2017 4:00,96.64178,OK
10/9/2017 5:00,98.182036,OK
10/9/2017 6:00,98.486206,OK
10/9/2017 7:00,114.478492,OK
10/9/2017 8:00,119.487388,OK
10/9/2017 9:00,122.311615,OK
10/9/2017 10:00,118.531496,OK
10/9/2017 11:00,112.267626,OK
10/9/2017 12:00,111.802101,OK
10/9/2017 13:00,107.887779,OK
10/9/2017 14:00,112.974832,OK
10/9/2017 15:00,101.417851,OK
10/9/2017 16:00,104.963484,OK
10/9/2017 17:00,105.964319,OK
10/9/2017 18:00,105.503586,OK
10/9/2017 19:00,109.465004,OK
10/9/2017 20:00,111.252846,OK
10/9/2017 21:00,103.657536,OK
10/9/2017 22:00,105.304699,OK
10/9/2017 23:00,102.281261,OK
10/10/2017 0:00,102.223185,OK
10/10/2017 1:00,96.660437,OK
10/10/2017 2:00,94.791557,OK
10/10/2017 3:00,92.019933,OK
10/10/2017 4:00,92.863942,OK
10/10/2017 5:00,92.871208,OK
10/10/2017 6:00,97.189261,OK
10/10/2017 7:00,110.136476,OK
10/10/2017 8:00,112.689158,OK
10/10/2017 9:00,124.687841,OK
10/10/2017 10:00,110.532964,OK
10/10/2017 11:00,111.752553,OK
10/10/2017 12:00,106.692972,OK
10/10/2017 13:00,110.978005,OK
10/10/2017 14:00,113.656705,OK
10/10/2017 15:00,110.517354,OK
10/10/2017 16:00,111.328202,OK
10/10/2017 17:00,108.859036,OK
10/10/2017 18:00,112.545859,OK
10/10/2017 19:00,113.085288,OK
10/10/2017 20:00,111.917767,OK
10/10/2017 21:00,109.977067,OK
10/10/2017 22:00,109.324986,OK
10/10/2017 23:00,109.193995,OK
10/11/2017 0:00,109.761947,OK
10/11/2017 1:00,102.142161,OK
10/11/2017 2:00,109.006277,OK
10/11/2017 3:00,104.135146,OK
10/11/2017 4:00,99.798961,OK
10/11/2017 5:00,100.069356,OK
10/11/2017 6:00,100.554246,OK
10/11/2017 7:00,115.1497,OK
10/11/2017 8:00,125.929118,OK
10/11/2017 9:00,131.71121,OK
10/11/2017 10:00,131.722951,OK
10/11/2017 11:00,128.377693,OK
10/11/2017 12:00,127.736057,OK
10/11/2017 13:00,124.208261,OK
10/11/2017 14:00,126.821738,OK
10/11/2017 15:00,125.387879,OK
10/11/2017 16:00,119.263631,OK
10/11/2017 17:00,123.412113,OK
10/11/2017 18:00,124.69241,OK
10/11/2017 19:00,122.519243,OK
10/11/2017 20:00,120.644583,OK
10/11/2017 21:00,118.282654,OK
10/11/2017 22:00,117.53356,OK
10/11/2017 23:00,117.017769,OK
10/12/2017 0:00,115.469263,OK
10/12/2017 1:00,107.203269,OK
10/12/2017 2:00,107.452442,OK
10/12/2017 3:00,99.328338,OK
10/12/2017 4:00,100.313443,OK
10/12/2017 5:00,103.462558,OK
10/12/2017 6:00,103.967692,OK
10/12/2017 7:00,119.250557,OK
10/12/2017 8:00,122.85469,OK
10/12/2017 9:00,129.015242,OK
10/12/2017 10:00,130.318822,OK
10/12/2017 11:00,119.951365,OK
10/12/2017 12:00,123.088522,OK
10/12/2017 13:00,123.160705,OK
10/12/2017 14:00,120.015686,OK
10/12/2017 15:00,118.92491,OK
10/12/2017 16:00,117.535808,OK
10/12/2017 17:00,117.763475,OK
10/12/2017 18:00,121.023149,OK
10/12/2017 19:00,125.788281,OK
10/12/2017 20:00,122.329735,OK
10/12/2017 21:00,123.239428,OK
10/12/2017 22:00,123.468084,OK
10/12/2017 23:00,120.35953,OK
10/13/2017 0:00,120.165971,OK
10/13/2017 1:00,123.511557,OK
10/13/2017 2:00,119.751479,OK
10/13/2017 3:00,112.027015,OK
10/13/2017 4:00,112.211147,OK
10/13/2017 5:00,115.53734,OK
10/13/2017 6:00,121.916258,OK
10/13/2017 7:00,136.391594,OK
10/13/2017 8:00,135.372216,OK
10/13/2017 9:00,136.5039,OK
10/13/2017 10:00,117.423851,OK
10/13/2017 11:00,119.177814,OK
10/13/2017 12:00,115.493121,OK
10/13/2017 13:00,118.152327,OK
10/13/2017 14:00,115.892559,OK
10/13/2017 15:00,116.78547,OK
10/13/2017 16:00,112.314368,OK
10/13/2017 17:00,110.971377,OK
10/13/2017 18:00,112.44419,OK
10/13/2017 19:00,117.269048,OK
10/13/2017 20:00,113.057116,OK
10/13/2017 21:00,113.666483,OK
10/13/2017 22:00,110.600599,OK
10/13/2017 23:00,106.348935,OK
10/14/2017 0:00,106.44932,OK
10/14/2017 1:00,97.437622,OK
10/14/2017 2:00,97.143278,OK
10/14/2017 3:00,100.22296,OK
10/14/2017 4:00,101.030685,OK
10/14/2017 5:00,100.093194,OK
10/14/2017 6:00,97.851583,OK
10/14/2017 7:00,104.635296,OK
10/14/2017 8:00,110.985972,OK
10/14/2017 9:00,117.683133,OK
10/14/2017 10:00,116.841987,OK
10/14/2017 11:00,107.845803,OK
10/14/2017 12:00,114.036428,OK
10/14/2017 13:00,112.330348,OK
10/14/2017 14:00,111.409581,OK
10/14/2017 15:00,107.750513,OK
10/14/2017 16:00,104.071341,OK
10/14/2017 17:00,103.795421,OK
10/14/2017 18:00,106.69891,OK
10/14/2017 19:00,105.897786,OK
10/14/2017 20:00,106.523988,OK
10/14/2017 21:00,106.267324,OK
10/14/2017 22:00,104.550052,OK
10/14/2017 23:00,104.643531,OK
10/15/2017 0:00,97.242517,OK
10/15/2017 1:00,95.342978,OK
10/15/2017 2:00,94.719034,OK
10/15/2017 3:00,92.316324,OK
10/15/2017 4:00,92.039137,OK
10/15/2017 5:00,92.659829,OK
10/15/2017 6:00,91.710434,OK
10/15/2017 7:00,101.032709,OK
10/15/2017 8:00,117.831091,OK
10/15/2017 9:00,120.544622,OK
10/15/2017 10:00,130.603284,OK
10/15/2017 11:00,132.464161,OK
10/15/2017 12:00,131.216333,OK
10/15/2017 13:00,127.269236,OK
10/15/2017 14:00,128.57835,OK
10/15/2017 15:00,125.735389,OK
10/15/2017 16:00,125.734728,OK
10/15/2017 17:00,124.01583,OK
10/15/2017 18:00,125.743552,OK
10/15/2017 19:00,126.264592,OK
10/15/2017 20:00,127.902134,OK
10/15/2017 21:00,128.157824,OK
10/15/2017 22:00,127.879741,OK
10/15/2017 23:00,129.225185,OK
10/16/2017 0:00,127.695,OK
10/16/2017 1:00,125.428256,OK
10/16/2017 2:00,127.443235,OK
10/16/2017 3:00,126.68509,OK
10/16/2017 4:00,131.783444,OK
10/16/2017 5:00,135.377701,OK
10/16/2017 6:00,141.957565,OK
10/16/2017 7:00,153.301868,OK
10/16/2017 8:00,154.602304,OK
10/16/2017 9:00,154.649134,OK
10/16/2017 10:00,137.881963,OK
10/16/2017 11:00,129.428903,OK
10/16/2017 12:00,124.033246,OK
10/16/2017 13:00,124.650548,OK
10/16/2017 14:00,126.786039,OK
10/16/2017 15:00,121.763361,OK
10/16/2017 16:00,115.276709,OK
10/16/2017 17:00,116.608142,OK
10/16/2017 18:00,123.795493,OK
10/16/2017 19:00,130.291883,OK
10/16/2017 20:00,130.728168,OK
10/16/2017 21:00,136.78215,OK
10/16/2017 22:00,136.30033,OK
10/16/2017 23:00,127.754272,OK
10/17/2017 0:00,135.885187,OK
10/17/2017 1:00,133.37157,OK
10/17/2017 2:00,135.529011,OK
10/17/2017 3:00,122.876564,OK
10/17/2017 4:00,135.496016,OK
10/17/2017 5:00,134.982866,OK
10/17/2017 6:00,136.217807,OK
10/17/2017 7:00,162.259584,OK
10/17/2017 8:00,159.061245,OK
10/17/2017 9:00,151.945833,OK
10/17/2017 10:00,127.864703,OK
10/17/2017 11:00,126.211386,OK
10/17/2017 12:00,122.939209,OK
10/17/2017 13:00,120.622673,OK
10/17/2017 14:00,120.348806,OK
10/17/2017 15:00,120.11914,OK
10/17/2017 16:00,118.11743,OK
10/17/2017 17:00,116.205466,OK
10/17/2017 18:00,117.115762,OK
10/17/2017 19:00,129.615805,OK
10/17/2017 20:00,129.46527,OK
10/17/2017 21:00,129.511576,OK
10/17/2017 22:00,131.369084,OK
10/17/2017 23:00,140.819741,OK
10/18/2017 0:00,142.458171,OK
10/18/2017 1:00,131.016127,OK
10/18/2017 2:00,129.601543,OK
10/18/2017 3:00,129.905388,OK
10/18/2017 4:00,138.261626,OK
10/18/2017 5:00,134.895976,OK
10/18/2017 6:00,137.433364,OK
10/18/2017 7:00,161.358448,OK
10/18/2017 8:00,160.818024,OK
10/18/2017 9:00,157.925088,OK
10/18/2017 10:00,128.847654,OK
10/18/2017 11:00,125.380268,OK
10/18/2017 12:00,118.156367,OK
10/18/2017 13:00,121.34357,OK
10/18/2017 14:00,117.978203,OK
10/18/2017 15:00,117.716534,OK
10/18/2017 16:00,112.467277,OK
10/18/2017 17:00,112.329667,OK
10/18/2017 18:00,112.925482,OK
10/18/2017 19:00,127.68297,OK
10/18/2017 20:00,125.11635,OK
10/18/2017 21:00,120.557612,OK
10/18/2017 22:00,120.645576,OK
10/18/2017 23:00,123.0163,OK
10/19/2017 0:00,129.286269,OK
10/19/2017 1:00,122.691101,OK
10/19/2017 2:00,115.587665,OK
10/19/2017 3:00,117.494981,OK
10/19/2017 4:00,115.900537,OK
10/19/2017 5:00,116.162346,OK
10/19/2017 6:00,118.65112,OK
10/19/2017 7:00,137.535462,OK
10/19/2017 8:00,147.751778,OK
10/19/2017 9:00,141.313436,OK
10/19/2017 10:00,125.328579,OK
10/19/2017 11:00,118.283876,OK
10/19/2017 12:00,122.067155,OK
10/19/2017 13:00,115.170317,OK
10/19/2017 14:00,112.012855,OK
10/19/2017 15:00,113.517912,OK
10/19/2017 16:00,109.710571,OK
10/19/2017 17:00,117.270901,OK
10/19/2017 18:00,104.960348,OK
10/19/2017 19:00,118.809193,OK
10/19/2017 20:00,108.74774,OK
10/19/2017 21:00,111.600878,OK
10/19/2017 22:00,110.85638,OK
10/19/2017 23:00,110.213734,OK
10/20/2017 0:00,111.242567,OK
10/20/2017 1:00,104.783121,OK
10/20/2017 2:00,106.862346,OK
10/20/2017 3:00,105.342763,OK
10/20/2017 4:00,104.355472,OK
10/20/2017 5:00,110.972149,OK
10/20/2017 6:00,116.64733,OK
10/20/2017 7:00,126.519104,OK
10/20/2017 8:00,139.263937,OK
10/20/2017 9:00,123.533739,OK
10/20/2017 10:00,117.80766,OK
10/20/2017 11:00,112.770821,OK
10/20/2017 12:00,117.809868,OK
10/20/2017 13:00,112.143692,OK
10/20/2017 14:00,120.258256,OK
10/20/2017 15:00,114.000605,OK
10/20/2017 16:00,110.992978,OK
10/20/2017 17:00,111.359791,OK
10/20/2017 18:00,110.439768,OK
10/20/2017 19:00,115.494532,OK
10/20/2017 20:00,114.619505,OK
10/20/2017 21:00,112.099449,OK
10/20/2017 22:00,112.907114,OK
10/20/2017 23:00,110.744085,OK
10/21/2017 0:00,107.439534,OK
10/21/2017 1:00,103.110351,OK
10/21/2017 2:00,100.259193,OK
10/21/2017 3:00,99.854566,OK
10/21/2017 4:00,99.08195,OK
10/21/2017 5:00,104.376392,OK
10/21/2017 6:00,106.726919,OK
10/21/2017 7:00,114.721033,OK
10/21/2017 8:00,121.3116,OK
10/21/2017 9:00,112.288317,OK
10/21/2017 10:00,115.803679,OK
10/21/2017 11:00,116.288693,OK
10/21/2017 12:00,114.719552,OK
10/21/2017 13:00,115.815489,OK
10/21/2017 14:00,114.145907,OK
10/21/2017 15:00,113.596106,OK
10/21/2017 16:00,110.051259,OK
10/21/2017 17:00,108.406058,OK
10/21/2017 18:00,107.827359,OK
10/21/2017 19:00,112.150251,OK
10/21/2017 20:00,109.225995,OK
10/21/2017 21:00,106.72445,OK
10/21/2017 22:00,105.830843,OK
10/21/2017 23:00,105.014271,OK
10/22/2017 0:00,102.305191,OK
10/22/2017 1:00,97.439581,OK
10/22/2017 2:00,96.661168,OK
10/22/2017 3:00,93.411726,OK
10/22/2017 4:00,96.712108,OK
10/22/2017 5:00,93.776758,OK
10/22/2017 6:00,98.575138,OK
10/22/2017 7:00,102.147694,OK
10/22/2017 8:00,108.20538,OK
10/22/2017 9:00,106.75373,OK
10/22/2017 10:00,107.129129,OK
10/22/2017 11:00,114.867691,OK
10/22/2017 12:00,117.932412,OK
10/22/2017 13:00,113.3994,OK
10/22/2017 14:00,114.527726,OK
10/22/2017 15:00,114.233621,OK
10/22/2017 16:00,119.31553,OK
10/22/2017 17:00,134.441612,OK
10/22/2017 18:00,137.045915,OK
10/22/2017 19:00,131.785799,OK
10/22/2017 20:00,129.900998,OK
10/22/2017 21:00,126.740172,OK
10/22/2017 22:00,128.164616,OK
10/22/2017 23:00,123.08378,OK
10/23/2017 0:00,123.626172,OK
10/23/2017 1:00,119.841372,OK
10/23/2017 2:00,116.679119,OK
10/23/2017 3:00,114.729741,OK
10/23/2017 4:00,116.593589,OK
10/23/2017 5:00,120.051928,OK
10/23/2017 6:00,123.673184,OK
10/23/2017 7:00,135.164992,OK
10/23/2017 8:00,145.134107,OK
10/23/2017 9:00,144.052975,OK
10/23/2017 10:00,145.468723,OK
10/23/2017 11:00,141.97924,OK
10/23/2017 12:00,143.99177,OK
10/23/2017 13:00,141.129983,OK
10/23/2017 14:00,137.707864,OK
10/23/2017 15:00,144.016466,OK
10/23/2017 16:00,137.594403,OK
10/23/2017 17:00,130.610656,OK
10/23/2017 18:00,141.585895,OK
10/23/2017 19:00,141.594206,OK
10/23/2017 20:00,138.652722,OK
10/23/2017 21:00,137.937941,OK
10/23/2017 22:00,144.988075,OK
10/23/2017 23:00,142.054169,OK
10/24/2017 0:00,139.540661,OK
10/24/2017 1:00,128.891581,OK
10/24/2017 2:00,137.17819,OK
10/24/2017 3:00,136.269569,OK
10/24/2017 4:00,136.396453,OK
10/24/2017 5:00,133.098994,OK
10/24/2017 6:00,142.355417,OK
10/24/2017 7:00,155.504168,OK
10/24/2017 8:00,166.79374,OK
10/24/2017 9:00,172.859824,OK
10/24/2017 10:00,168.304163,OK
10/24/2017 11:00,170.321923,OK
10/24/2017 12:00,182.063685,OK
10/24/2017 13:00,182.381873,OK
10/24/2017 14:00,176.367156,OK
10/24/2017 15:00,179.807632,OK
10/24/2017 16:00,181.312429,OK
10/24/2017 17:00,180.678331,OK
10/24/2017 18:00,181.256452,OK
10/24/2017 19:00,172.144316,OK
10/24/2017 20:00,169.108471,OK
10/24/2017 21:00,166.522828,OK
10/24/2017 22:00,171.052162,OK
10/24/2017 23:00,165.474484,OK
10/25/2017 0:00,166.422018,OK
10/25/2017 1:00,162.809856,OK
10/25/2017 2:00,157.365457,OK
10/25/2017 3:00,160.931993,OK
10/25/2017 4:00,164.82323,OK
10/25/2017 5:00,170.188916,OK
10/25/2017 6:00,175.972548,OK
10/25/2017 7:00,196.54545,OK
10/25/2017 8:00,200.724428,OK
10/25/2017 9:00,206.210762,OK
10/25/2017 10:00,204.320876,OK
10/25/2017 11:00,186.93576,OK
10/25/2017 12:00,189.106723,OK
10/25/2017 13:00,172.130976,OK
10/25/2017 14:00,170.901755,OK
10/25/2017 15:00,181.266378,OK
10/25/2017 16:00,164.677962,OK
10/25/2017 17:00,151.966233,OK
10/25/2017 18:00,174.334973,OK
10/25/2017 19:00,183.125546,OK
10/25/2017 20:00,180.216027,OK
10/25/2017 21:00,185.19043,OK
10/25/2017 22:00,179.543177,OK
10/25/2017 23:00,182.304756,OK
10/26/2017 0:00,180.625453,OK
10/26/2017 1:00,173.64865,OK
10/26/2017 2:00,169.284565,OK
10/26/2017 3:00,169.524198,OK
10/26/2017 4:00,169.011257,OK
10/26/2017 5:00,174.59565,OK
10/26/2017 6:00,184.699073,OK
10/26/2017 7:00,201.770215,OK
10/26/2017 8:00,212.668388,OK
10/26/2017 9:00,201.023889,OK
10/26/2017 10:00,181.950153,OK
10/26/2017 11:00,160.413232,OK
10/26/2017 12:00,159.985709,OK
10/26/2017 13:00,146.961539,OK
10/26/2017 14:00,150.174132,OK
10/26/2017 15:00,143.473955,OK
10/26/2017 16:00,143.098025,OK
10/26/2017 17:00,143.398014,OK
10/26/2017 18:00,150.792191,OK
10/26/2017 19:00,157.850701,OK
10/26/2017 20:00,156.279967,OK
10/26/2017 21:00,152.883358,OK
10/26/2017 22:00,147.913277,OK
10/26/2017 23:00,147.35158,OK
10/27/2017 0:00,146.25778,OK
10/27/2017 1:00,145.521218,OK
10/27/2017 2:00,152.724796,OK
10/27/2017 3:00,160.297118,OK
10/27/2017 4:00,167.402718,OK
10/27/2017 5:00,180.0354,OK
10/27/2017 6:00,181.913836,OK
10/27/2017 7:00,201.37417,OK
10/27/2017 8:00,215.718831,OK
10/27/2017 9:00,218.444737,OK
10/27/2017 10:00,211.031283,OK
10/27/2017 11:00,188.993706,OK
10/27/2017 12:00,198.481724,OK
10/27/2017 13:00,195.989097,OK
10/27/2017 14:00,193.299271,OK
10/27/2017 15:00,184.546306,OK
10/27/2017 16:00,187.24823,OK
10/27/2017 17:00,200.61938,OK
10/27/2017 18:00,205.175767,OK
10/27/2017 19:00,201.978874,OK
10/27/2017 20:00,201.43701,OK
10/27/2017 21:00,197.95288,OK
10/27/2017 22:00,192.60168,OK
10/27/2017 23:00,190.811066,OK
10/28/2017 0:00,193.899777,OK
10/28/2017 1:00,197.263568,OK
10/28/2017 2:00,194.478709,OK
10/28/2017 3:00,196.869114,OK
10/28/2017 4:00,197.898674,OK
10/28/2017 5:00,208.661753,OK
10/28/2017 6:00,217.649711,OK
10/28/2017 7:00,220.195005,OK
10/28/2017 8:00,232.20041,OK
10/28/2017 9:00,228.373904,OK
10/28/2017 10:00,226.903541,OK
10/28/2017 11:00,243.346994,OK
10/28/2017 12:00,223.799492,OK
10/28/2017 13:00,227.102447,OK
10/28/2017 14:00,232.148875,OK
10/28/2017 15:00,223.566973,OK
10/28/2017 16:00,234.331049,OK
10/28/2017 17:00,230.509287,OK
10/28/2017 18:00,235.968106,OK
10/28/2017 19:00,235.22348,OK
10/28/2017 20:00,229.845572,OK
10/28/2017 21:00,223.998203,OK
10/28/2017 22:00,220.649915,OK
10/28/2017 23:00,218.107364,OK
10/29/2017 0:00,219.887904,OK
10/29/2017 1:00,207.954221,OK
10/29/2017 2:00,209.597872,OK
10/29/2017 3:00,212.621477,OK
10/29/2017 4:00,202.908468,OK
10/29/2017 5:00,211.675553,OK
10/29/2017 6:00,214.744585,OK
10/29/2017 7:00,229.695045,OK
10/29/2017 8:00,240.637382,OK
10/29/2017 9:00,232.558063,OK
10/29/2017 10:00,215.381394,OK
10/29/2017 11:00,221.912476,OK
10/29/2017 12:00,214.803132,OK
10/29/2017 13:00,211.949831,OK
10/29/2017 14:00,203.024077,OK
10/29/2017 15:00,193.938288,OK
10/29/2017 16:00,191.170597,OK
10/29/2017 17:00,188.684258,OK
10/29/2017 18:00,204.707383,OK
10/29/2017 19:00,206.066582,OK
10/29/2017 20:00,203.287129,OK
10/29/2017 21:00,214.960646,OK
10/29/2017 22:00,212.066388,OK
10/29/2017 23:00,202.799172,OK
10/30/2017 0:00,194.962211,OK
10/30/2017 1:00,188.384127,OK
10/30/2017 2:00,185.808796,OK
10/30/2017 3:00,183.941952,OK
10/30/2017 4:00,180.58328,OK
10/30/2017 5:00,187.736448,OK
10/30/2017 6:00,190.6772,OK
10/30/2017 7:00,207.086092,OK
10/30/2017 8:00,232.403213,OK
10/30/2017 9:00,225.06601,OK
10/30/2017 10:00,207.173715,OK
10/30/2017 11:00,206.118318,OK
10/30/2017 12:00,204.069499,OK
10/30/2017 13:00,208.754365,OK
10/30/2017 14:00,195.534561,OK
10/30/2017 15:00,194.371347,OK
10/30/2017 16:00,191.575598,OK
10/30/2017 17:00,199.799929,OK
10/30/2017 18:00,222.277206,OK
10/30/2017 19:00,223.402697,OK
10/30/2017 20:00,216.989823,OK
10/30/2017 21:00,221.42969,OK
10/30/2017 22:00,212.756354,OK
10/30/2017 23:00,219.215671,OK
10/31/2017 0:00,218.92065,OK
10/31/2017 1:00,207.247689,OK
10/31/2017 2:00,201.939134,OK
10/31/2017 3:00,200.893829,OK
10/31/2017 4:00,209.107659,OK
10/31/2017 5:00,208.070324,OK
10/31/2017 6:00,220.244425,OK
10/31/2017 7:00,252.912862,OK
10/31/2017 8:00,262.96681,OK
10/31/2017 9:00,259.265408,OK
10/31/2017 10:00,238.758179,OK
10/31/2017 11:00,239.670238,OK
10/31/2017 12:00,224.336432,OK
10/31/2017 13:00,221.730642,OK
10/31/2017 14:00,220.308245,OK
10/31/2017 15:00,217.55831,OK
10/31/2017 16:00,217.224534,OK
10/31/2017 17:00,227.300211,OK
10/31/2017 18:00,231.679018,OK
10/31/2017 19:00,227.93855,OK
10/31/2017 20:00,223.849833,OK
10/31/2017 21:00,223.652992,OK
10/31/2017 22:00,191.474533,OK
10/31/2017 23:00,195.016435,OK
11/1/2017 0:00,189.758582,OK
11/1/2017 1:00,188.155187,OK
11/1/2017 2:00,184.412115,OK
11/1/2017 3:00,182.426449,OK
11/1/2017 4:00,179.834671,OK
11/1/2017 5:00,187.221084,OK
11/1/2017 6:00,194.199415,OK
11/1/2017 7:00,203.081591,OK
11/1/2017 8:00,210.093044,OK
11/1/2017 9:00,215.222098,OK
11/1/2017 10:00,202.698121,OK
11/1/2017 11:00,198.848373,OK
11/1/2017 12:00,200.688971,OK
11/1/2017 13:00,199.465767,OK
11/1/2017 14:00,186.21628,OK
11/1/2017 15:00,191.895887,OK
11/1/2017 16:00,188.134199,OK
11/1/2017 17:00,186.016758,OK
11/1/2017 18:00,198.050445,OK
11/1/2017 19:00,187.436487,OK
11/1/2017 20:00,187.162316,OK
11/1/2017 21:00,176.197072,OK
11/1/2017 22:00,165.865976,OK
11/1/2017 23:00,164.29887,OK
11/2/2017 0:00,157.499369,OK
11/2/2017 1:00,143.834158,OK
11/2/2017 2:00,137.731007,OK
11/2/2017 3:00,133.774283,OK
11/2/2017 4:00,131.117572,OK
11/2/2017 5:00,129.829087,OK
11/2/2017 6:00,136.637628,OK
11/2/2017 7:00,148.480954,OK
11/2/2017 8:00,157.932001,OK
11/2/2017 9:00,160.781896,OK
11/2/2017 10:00,159.135213,OK
11/2/2017 11:00,149.181792,OK
11/2/2017 12:00,148.639354,OK
11/2/2017 13:00,145.299902,OK
11/2/2017 14:00,149.302673,OK
11/2/2017 15:00,146.747349,OK
11/2/2017 16:00,143.042822,OK
11/2/2017 17:00,142.054229,OK
11/2/2017 18:00,147.515645,OK
11/2/2017 19:00,149.654905,OK
11/2/2017 20:00,153.632952,OK
11/2/2017 21:00,156.893015,OK
11/2/2017 22:00,151.627961,OK
11/2/2017 23:00,153.410881,OK
11/3/2017 0:00,157.620833,OK
11/3/2017 1:00,155.585573,OK
11/3/2017 2:00,156.459858,OK
11/3/2017 3:00,163.612386,OK
11/3/2017 4:00,163.003107,OK
11/3/2017 5:00,161.921711,OK
11/3/2017 6:00,172.660364,OK
11/3/2017 7:00,184.335969,OK
11/3/2017 8:00,193.413629,OK
11/3/2017 9:00,190.100857,OK
11/3/2017 10:00,182.567472,OK
11/3/2017 11:00,172.641719,OK
11/3/2017 12:00,165.899955,OK
11/3/2017 13:00,164.705238,OK
11/3/2017 14:00,158.183225,OK
11/3/2017 15:00,152.241428,OK
11/3/2017 16:00,151.61126,OK
11/3/2017 17:00,152.003183,OK
11/3/2017 18:00,160.786554,OK
11/3/2017 19:00,173.258613,OK
11/3/2017 20:00,169.457448,OK
11/3/2017 21:00,168.993854,OK
11/3/2017 22:00,172.571531,OK
11/3/2017 23:00,166.750255,OK
11/4/2017 0:00,164.822587,OK
11/4/2017 1:00,161.814452,OK
11/4/2017 2:00,162.637936,OK
11/4/2017 3:00,159.701888,OK
11/4/2017 4:00,157.745884,OK
11/4/2017 5:00,157.434802,OK
11/4/2017 6:00,161.812644,OK
11/4/2017 7:00,165.605873,OK
11/4/2017 8:00,167.709195,OK
11/4/2017 9:00,161.672497,OK
11/4/2017 10:00,161.429783,OK
11/4/2017 11:00,163.812768,OK
11/4/2017 12:00,161.105767,OK
11/4/2017 13:00,150.734009,OK
11/4/2017 14:00,149.109208,OK
11/4/2017 15:00,146.289384,OK
11/4/2017 16:00,140.976279,OK
11/4/2017 17:00,137.590169,OK
11/4/2017 18:00,139.410765,OK
11/4/2017 19:00,140.313919,OK
11/4/2017 20:00,134.600839,OK
11/4/2017 21:00,133.609151,OK
11/4/2017 22:00,129.452816,OK
11/4/2017 23:00,132.104082,OK
11/5/2017 0:00,130.387712,OK
11/5/2017 1:00,121.807193,OK
11/5/2017 1:00,124.179065,OK
11/5/2017 2:00,123.287529,OK
11/5/2017 3:00,117.271357,OK
11/5/2017 4:00,118.516842,OK
11/5/2017 5:00,118.248098,OK
11/5/2017 6:00,119.586949,OK
11/5/2017 7:00,127.200232,OK
11/5/2017 8:00,126.371397,OK
11/5/2017 9:00,128.832409,OK
11/5/2017 10:00,131.449094,OK
11/5/2017 11:00,136.206879,OK
11/5/2017 12:00,145.599736,OK
11/5/2017 13:00,145.445583,OK
11/5/2017 14:00,145.46819,OK
11/5/2017 15:00,149.616112,OK
11/5/2017 16:00,153.34346,OK
11/5/2017 17:00,170.943509,OK
11/5/2017 18:00,167.292836,OK
11/5/2017 19:00,162.983242,OK
11/5/2017 20:00,157.086691,OK
11/5/2017 21:00,159.145564,OK
11/5/2017 22:00,157.417012,OK
11/5/2017 23:00,156.997951,OK
11/6/2017 0:00,156.73128,OK
11/6/2017 1:00,155.431834,OK
11/6/2017 2:00,151.762996,OK
11/6/2017 3:00,154.139668,OK
11/6/2017 4:00,158.475222,OK
11/6/2017 5:00,178.255041,OK
11/6/2017 6:00,179.299315,OK
11/6/2017 7:00,194.132325,OK
11/6/2017 8:00,202.266137,OK
11/6/2017 9:00,200.845111,OK
11/6/2017 10:00,196.129307,OK
11/6/2017 11:00,183.330746,OK
11/6/2017 12:00,185.428834,OK
11/6/2017 13:00,190.988708,OK
11/6/2017 14:00,186.687322,OK
11/6/2017 15:00,179.748255,OK
11/6/2017 16:00,176.534912,OK
11/6/2017 17:00,184.799864,OK
11/6/2017 18:00,188.106497,OK
11/6/2017 19:00,188.22943,OK
11/6/2017 20:00,187.648033,OK
11/6/2017 21:00,185.956296,OK
11/6/2017 22:00,183.385528,OK
11/6/2017 23:00,182.603184,OK
11/7/2017 0:00,178.08847,OK
11/7/2017 1:00,176.158957,OK
11/7/2017 2:00,173.330283,OK
11/7/2017 3:00,170.840855,OK
11/7/2017 4:00,172.714971,OK
11/7/2017 5:00,178.288181,OK
11/7/2017 6:00,188.817866,OK
11/7/2017 7:00,196.570069,OK
11/7/2017 8:00,198.63738,OK
11/7/2017 9:00,197.979001,OK
11/7/2017 10:00,179.7821,OK
11/7/2017 11:00,184.256877,OK
11/7/2017 12:00,177.736131,OK
11/7/2017 13:00,181.420026,OK
11/7/2017 14:00,186.014101,OK
11/7/2017 15:00,179.324846,OK
11/7/2017 16:00,186.483154,OK
11/7/2017 17:00,189.218122,OK
11/7/2017 18:00,191.594689,OK
11/7/2017 19:00,198.791722,OK
11/7/2017 20:00,181.389042,OK
11/7/2017 21:00,178.956126,OK
11/7/2017 22:00,179.57236,OK
11/7/2017 23:00,179.125658,OK
11/8/2017 0:00,176.502879,OK
11/8/2017 1:00,180.338072,OK
11/8/2017 2:00,180.281846,OK
11/8/2017 3:00,184.942282,OK
11/8/2017 4:00,181.587356,OK
11/8/2017 5:00,186.058183,OK
11/8/2017 6:00,190.30293,OK
11/8/2017 7:00,197.608404,OK
11/8/2017 8:00,204.15984,OK
11/8/2017 9:00,192.802856,OK
11/8/2017 10:00,172.473259,OK
11/8/2017 11:00,173.357168,OK
11/8/2017 12:00,172.985893,OK
11/8/2017 13:00,172.056198,OK
11/8/2017 14:00,168.528482,OK
11/8/2017 15:00,170.564972,OK
11/8/2017 16:00,164.814542,OK
11/8/2017 17:00,176.728752,OK
11/8/2017 18:00,182.04268,OK
11/8/2017 19:00,176.988095,OK
11/8/2017 20:00,180.51442,OK
11/8/2017 21:00,178.817403,OK
11/8/2017 22:00,180.248472,OK
11/8/2017 23:00,181.995659,OK
11/9/2017 0:00,183.85014,OK
11/9/2017 1:00,182.498799,OK
11/9/2017 2:00,176.055138,OK
11/9/2017 3:00,177.217899,OK
11/9/2017 4:00,181.82472,OK
11/9/2017 5:00,186.228683,OK
11/9/2017 6:00,191.372276,OK
11/9/2017 7:00,199.62957,OK
11/9/2017 8:00,195.13703,OK
11/9/2017 9:00,187.885512,OK
11/9/2017 10:00,175.120252,OK
11/9/2017 11:00,164.925692,OK
11/9/2017 12:00,164.232279,OK
11/9/2017 13:00,167.287402,OK
11/9/2017 14:00,176.92292,OK
11/9/2017 15:00,170.525828,OK
11/9/2017 16:00,184.115993,OK
11/9/2017 17:00,192.300027,OK
11/9/2017 18:00,199.615795,OK
11/9/2017 19:00,203.011293,OK
11/9/2017 20:00,200.54151,OK
11/9/2017 21:00,205.256791,OK
11/9/2017 22:00,209.282922,OK
11/9/2017 23:00,209.514359,OK
11/10/2017 0:00,211.819483,OK
11/10/2017 1:00,206.35847,OK
11/10/2017 2:00,210.797598,OK
11/10/2017 3:00,209.558853,OK
11/10/2017 4:00,215.2807,OK
11/10/2017 5:00,226.48924,OK
11/10/2017 6:00,229.0156,OK
11/10/2017 7:00,234.063147,OK
11/10/2017 8:00,237.874998,OK
11/10/2017 9:00,234.739402,OK
11/10/2017 10:00,216.23504,OK
11/10/2017 11:00,209.125247,OK
11/10/2017 12:00,209.798826,OK
11/10/2017 13:00,202.374859,OK
11/10/2017 14:00,197.87669,OK
11/10/2017 15:00,200.498315,OK
11/10/2017 16:00,200.800361,OK
11/10/2017 17:00,211.51098,OK
11/10/2017 18:00,221.30202,OK
11/10/2017 19:00,219.43299,OK
11/10/2017 20:00,223.631836,OK
11/10/2017 21:00,218.785494,OK
11/10/2017 22:00,215.071403,OK
11/10/2017 23:00,216.099779,OK
11/11/2017 0:00,215.592784,OK
11/11/2017 1:00,210.154227,OK
11/11/2017 2:00,209.464961,OK
11/11/2017 3:00,210.526144,OK
11/11/2017 4:00,207.172483,OK
11/11/2017 5:00,212.280184,OK
11/11/2017 6:00,215.022808,OK
11/11/2017 7:00,225.344562,OK
11/11/2017 8:00,221.47402,OK
11/11/2017 9:00,218.091591,OK
11/11/2017 10:00,208.777233,OK
11/11/2017 11:00,209.575749,OK
11/11/2017 12:00,196.731091,OK
11/11/2017 13:00,193.000054,OK
11/11/2017 14:00,179.211885,OK
11/11/2017 15:00,188.553279,OK
11/11/2017 16:00,187.581548,OK
11/11/2017 17:00,189.46938,OK
11/11/2017 18:00,192.626535,OK
11/11/2017 19:00,190.664459,OK
11/11/2017 20:00,183.288408,OK
11/11/2017 21:00,188.99886,OK
11/11/2017 22:00,189.868473,OK
11/11/2017 23:00,181.928406,OK
11/12/2017 0:00,182.072207,OK
11/12/2017 1:00,174.796092,OK
11/12/2017 2:00,173.49219,OK
11/12/2017 3:00,170.0298,OK
11/12/2017 4:00,174.62373,OK
11/12/2017 5:00,177.398581,OK
11/12/2017 6:00,177.110125,OK
11/12/2017 7:00,186.669764,OK
11/12/2017 8:00,175.068418,OK
11/12/2017 9:00,187.113034,OK
11/12/2017 10:00,193.591956,OK
11/12/2017 11:00,197.057676,OK
11/12/2017 12:00,196.199342,OK
11/12/2017 13:00,190.275045,OK
11/12/2017 14:00,188.266776,OK
11/12/2017 15:00,189.172549,OK
11/12/2017 16:00,182.997591,OK
11/12/2017 17:00,191.750684,OK
11/12/2017 18:00,194.003982,OK
11/12/2017 19:00,190.571957,OK
11/12/2017 20:00,187.430531,OK
11/12/2017 21:00,186.941794,OK
11/12/2017 22:00,185.903693,OK
11/12/2017 23:00,186.554225,OK
11/13/2017 0:00,183.253571,OK
11/13/2017 1:00,178.256873,OK
11/13/2017 2:00,176.805756,OK
11/13/2017 3:00,174.535284,OK
11/13/2017 4:00,173.745766,OK
11/13/2017 5:00,182.998384,OK
11/13/2017 6:00,181.881268,OK
11/13/2017 7:00,197.55714,OK
11/13/2017 8:00,199.589445,OK
11/13/2017 9:00,198.87751,OK
11/13/2017 10:00,192.271271,OK
11/13/2017 11:00,192.46841,OK
11/13/2017 12:00,182.833127,OK
11/13/2017 13:00,177.716418,OK
11/13/2017 14:00,179.286702,OK
11/13/2017 15:00,177.486171,OK
11/13/2017 16:00,180.289081,OK
11/13/2017 17:00,181.947106,OK
11/13/2017 18:00,191.620634,OK
11/13/2017 19:00,189.91061,OK
11/13/2017 20:00,190.527,OK
11/13/2017 21:00,194.64828,OK
11/13/2017 22:00,184.569396,OK
11/13/2017 23:00,187.394723,OK
11/14/2017 0:00,177.078802,OK
11/14/2017 1:00,177.238197,OK
11/14/2017 2:00,175.805244,OK
11/14/2017 3:00,174.387429,OK
11/14/2017 4:00,174.911687,OK
11/14/2017 5:00,183.681474,OK
11/14/2017 6:00,191.306194,OK
11/14/2017 7:00,202.43878,OK
11/14/2017 8:00,204.448687,OK
11/14/2017 9:00,195.196182,OK
11/14/2017 10:00,173.181549,OK
11/14/2017 11:00,169.549349,OK
11/14/2017 12:00,167.039245,OK
11/14/2017 13:00,155.681469,OK
11/14/2017 14:00,163.492172,OK
11/14/2017 15:00,157.264531,OK
11/14/2017 16:00,162.226982,OK
11/14/2017 17:00,160.544448,OK
11/14/2017 18:00,170.84082,OK
11/14/2017 19:00,169.585716,OK
11/14/2017 20:00,165.585435,OK
11/14/2017 21:00,168.741812,OK
11/14/2017 22:00,165.329153,OK
11/14/2017 23:00,162.943,OK
11/15/2017 0:00,162.243925,OK
11/15/2017 1:00,158.151241,OK
11/15/2017 2:00,152.601358,OK
11/15/2017 3:00,151.795987,OK
11/15/2017 4:00,153.29789,OK
11/15/2017 5:00,159.511194,OK
11/15/2017 6:00,164.04554,OK
11/15/2017 7:00,174.106087,OK
11/15/2017 8:00,170.200968,OK
11/15/2017 9:00,165.747051,OK
11/15/2017 10:00,168.261517,OK
11/15/2017 11:00,162.432634,OK
11/15/2017 12:00,153.92277,OK
11/15/2017 13:00,146.559776,OK
11/15/2017 14:00,139.438563,OK
11/15/2017 15:00,137.320501,OK
11/15/2017 16:00,135.322281,OK
11/15/2017 17:00,148.058453,OK
11/15/2017 18:00,153.373718,OK
11/15/2017 19:00,163.145225,OK
11/15/2017 20:00,160.490853,OK
11/15/2017 21:00,158.475641,OK
11/15/2017 22:00,177.071124,OK
11/15/2017 23:00,185.861385,OK
11/16/2017 0:00,185.185324,OK
11/16/2017 1:00,173.466223,OK
11/16/2017 2:00,170.733557,OK
11/16/2017 3:00,172.682471,OK
11/16/2017 4:00,173.225213,OK
11/16/2017 5:00,172.5943,OK
11/16/2017 6:00,184.945012,OK
11/16/2017 7:00,194.816017,OK
11/16/2017 8:00,195.758823,OK
11/16/2017 9:00,196.913636,OK
11/16/2017 10:00,197.788419,OK
11/16/2017 11:00,186.600272,OK
11/16/2017 12:00,185.921844,OK
11/16/2017 13:00,181.91066,OK
11/16/2017 14:00,180.207031,OK
11/16/2017 15:00,195.091095,OK
11/16/2017 16:00,188.31292,OK
11/16/2017 17:00,189.719426,OK
11/16/2017 18:00,192.620632,OK
11/16/2017 19:00,189.23067,OK
11/16/2017 20:00,185.401834,OK
11/16/2017 21:00,185.327841,OK
11/16/2017 22:00,181.674522,OK
11/16/2017 23:00,183.956209,OK
11/17/2017 0:00,182.963637,OK
11/17/2017 1:00,181.089928,OK
11/17/2017 2:00,179.277927,OK
11/17/2017 3:00,176.974876,OK
11/17/2017 4:00,176.164305,OK
11/17/2017 5:00,185.483205,OK
11/17/2017 6:00,194.215181,OK
11/17/2017 7:00,209.298842,OK
11/17/2017 8:00,203.206651,OK
11/17/2017 9:00,202.958256,OK
11/17/2017 10:00,198.743403,OK
11/17/2017 11:00,195.017665,OK
11/17/2017 12:00,191.22344,OK
11/17/2017 13:00,187.570855,OK
11/17/2017 14:00,187.618414,OK
11/17/2017 15:00,182.813855,OK
11/17/2017 16:00,176.320424,OK
11/17/2017 17:00,172.293633,OK
11/17/2017 18:00,174.273954,OK
11/17/2017 19:00,173.743825,OK
11/17/2017 20:00,164.767726,OK
11/17/2017 21:00,161.361745,OK
11/17/2017 22:00,156.460121,OK
11/17/2017 23:00,151.881243,OK
11/18/2017 0:00,136.91875,OK
11/18/2017 1:00,134.622242,OK
11/18/2017 2:00,134.740632,OK
11/18/2017 3:00,129.905066,OK
11/18/2017 4:00,129.933475,OK
11/18/2017 5:00,125.071082,OK
11/18/2017 6:00,124.027095,OK
11/18/2017 7:00,132.336907,OK
11/18/2017 8:00,130.272311,OK
11/18/2017 9:00,130.580176,OK
11/18/2017 10:00,137.644313,OK
11/18/2017 11:00,171.758555,OK
11/18/2017 12:00,165.663237,OK
11/18/2017 13:00,177.493707,OK
11/18/2017 14:00,179.319349,OK
11/18/2017 15:00,191.398915,OK
11/18/2017 16:00,183.82505,OK
11/18/2017 17:00,177.68616,OK
11/18/2017 18:00,174.000551,OK
11/18/2017 19:00,175.712013,OK
11/18/2017 20:00,174.313729,OK
11/18/2017 21:00,171.22948,OK
11/18/2017 22:00,175.494717,OK
11/18/2017 23:00,175.962381,OK
11/19/2017 0:00,179.414353,OK
11/19/2017 1:00,178.057903,OK
11/19/2017 2:00,178.544295,OK
11/19/2017 3:00,177.825228,OK
11/19/2017 4:00,177.809372,OK
11/19/2017 5:00,186.235673,OK
11/19/2017 6:00,189.981321,OK
11/19/2017 7:00,195.588452,OK
11/19/2017 8:00,202.749405,OK
11/19/2017 9:00,203.982409,OK
11/19/2017 10:00,193.795361,OK
11/19/2017 11:00,192.312945,OK
11/19/2017 12:00,190.44102,OK
11/19/2017 13:00,184.718579,OK
11/19/2017 14:00,188.467843,OK
11/19/2017 15:00,189.978941,OK
11/19/2017 16:00,181.797605,OK
11/19/2017 17:00,192.671672,OK
11/19/2017 18:00,194.272351,OK
11/19/2017 19:00,195.91077,OK
11/19/2017 20:00,193.063724,OK
11/19/2017 21:00,192.920695,OK
11/19/2017 22:00,196.852147,OK
11/19/2017 23:00,189.040593,OK
11/20/2017 0:00,190.293191,OK
11/20/2017 1:00,181.22601,OK
11/20/2017 2:00,184.081056,OK
11/20/2017 3:00,175.674168,OK
11/20/2017 4:00,188.165594,OK
11/20/2017 5:00,185.754085,OK
11/20/2017 6:00,188.109979,OK
11/20/2017 7:00,200.818843,OK
11/20/2017 8:00,203.782554,OK
11/20/2017 9:00,186.648853,OK
11/20/2017 10:00,174.808506,OK
11/20/2017 11:00,164.128518,OK
11/20/2017 12:00,159.994788,OK
11/20/2017 13:00,151.491481,OK
11/20/2017 14:00,149.259625,OK
11/20/2017 15:00,160.447246,OK
11/20/2017 16:00,157.091182,OK
11/20/2017 17:00,169.296789,OK
11/20/2017 18:00,171.755652,OK
11/20/2017 19:00,174.978306,OK
11/20/2017 20:00,170.089417,OK
11/20/2017 21:00,166.834621,OK
11/20/2017 22:00,166.597663,OK
11/20/2017 23:00,164.395391,OK
11/21/2017 0:00,165.408628,OK
11/21/2017 1:00,162.224217,OK
11/21/2017 2:00,161.864773,OK
11/21/2017 3:00,160.898374,OK
11/21/2017 4:00,163.760128,OK
11/21/2017 5:00,174.22666,OK
11/21/2017 6:00,168.081877,OK
11/21/2017 7:00,178.697517,OK
11/21/2017 8:00,180.919948,OK
11/21/2017 9:00,163.623815,OK
11/21/2017 10:00,163.26076,OK
11/21/2017 11:00,149.680669,OK
11/21/2017 12:00,150.618637,OK
11/21/2017 13:00,156.658227,OK
11/21/2017 14:00,179.743091,OK
11/21/2017 15:00,177.412833,OK
11/21/2017 16:00,188.083425,OK
11/21/2017 17:00,175.515981,OK
11/21/2017 18:00,197.656485,OK
11/21/2017 19:00,190.538276,OK
11/21/2017 20:00,192.415217,OK
11/21/2017 21:00,193.146825,OK
11/21/2017 22:00,194.679646,OK
11/21/2017 23:00,191.509355,OK
11/22/2017 0:00,196.835833,OK
11/22/2017 1:00,191.058919,OK
11/22/2017 2:00,194.427709,OK
11/22/2017 3:00,196.384427,OK
11/22/2017 4:00,198.206446,OK
11/22/2017 5:00,201.823178,OK
11/22/2017 6:00,207.117362,OK
11/22/2017 7:00,220.377638,OK
11/22/2017 8:00,221.437319,OK
11/22/2017 9:00,205.093388,OK
11/22/2017 10:00,204.31948,OK
11/22/2017 11:00,192.036997,OK
11/22/2017 12:00,190.249457,OK
11/22/2017 13:00,188.03074,OK
11/22/2017 14:00,188.02574,OK
11/22/2017 15:00,172.92331,OK
11/22/2017 16:00,180.927255,OK
11/22/2017 17:00,194.109617,OK
11/22/2017 18:00,190.546409,OK
11/22/2017 19:00,188.390577,OK
11/22/2017 20:00,188.488419,OK
11/22/2017 21:00,188.89293,OK
11/22/2017 22:00,190.689288,OK
11/22/2017 23:00,187.367093,OK
11/23/2017 0:00,179.985091,OK
11/23/2017 1:00,179.1914,OK
11/23/2017 2:00,178.777745,OK
11/23/2017 3:00,181.156033,OK
11/23/2017 4:00,180.153808,OK
11/23/2017 5:00,184.133591,OK
11/23/2017 6:00,187.317835,OK
11/23/2017 7:00,189.350163,OK
11/23/2017 8:00,197.476808,OK
11/23/2017 9:00,191.049161,OK
11/23/2017 10:00,170.358354,OK
11/23/2017 11:00,167.315194,OK
11/23/2017 12:00,160.311583,OK
11/23/2017 13:00,154.818171,OK
11/23/2017 14:00,154.240665,OK
11/23/2017 15:00,153.609306,OK
11/23/2017 16:00,155.236095,OK
11/23/2017 17:00,168.807182,OK
11/23/2017 18:00,176.06844,OK
11/23/2017 19:00,168.808525,OK
11/23/2017 20:00,172.895746,OK
11/23/2017 21:00,179.55003,OK
11/23/2017 22:00,174.546456,OK
11/23/2017 23:00,165.842435,OK
11/24/2017 0:00,169.638881,OK
11/24/2017 1:00,171.135718,OK
11/24/2017 2:00,170.371044,OK
11/24/2017 3:00,169.219341,OK
11/24/2017 4:00,173.759746,OK
11/24/2017 5:00,189.356799,OK
11/24/2017 6:00,185.740758,OK
11/24/2017 7:00,188.840049,OK
11/24/2017 8:00,197.870045,OK
11/24/2017 9:00,183.816043,OK
11/24/2017 10:00,165.740551,OK
11/24/2017 11:00,141.071259,OK
11/24/2017 12:00,144.629866,OK
11/24/2017 13:00,133.442571,OK
11/24/2017 14:00,133.490091,OK
11/24/2017 15:00,132.339078,OK
11/24/2017 16:00,135.213698,OK
11/24/2017 17:00,153.424439,OK
11/24/2017 18:00,147.645709,OK
11/24/2017 19:00,143.412496,OK
11/24/2017 20:00,138.953325,OK
11/24/2017 21:00,141.805683,OK
11/24/2017 22:00,141.508966,OK
11/24/2017 23:00,138.4108,OK
11/25/2017 0:00,135.481544,OK
11/25/2017 1:00,136.321265,OK
11/25/2017 2:00,137.165591,OK
11/25/2017 3:00,141.704395,OK
11/25/2017 4:00,141.931555,OK
11/25/2017 5:00,154.753899,OK
11/25/2017 6:00,154.601035,OK
11/25/2017 7:00,162.097043,OK
11/25/2017 8:00,163.445697,OK
11/25/2017 9:00,148.781073,OK
11/25/2017 10:00,146.285341,OK
11/25/2017 11:00,137.676943,OK
11/25/2017 12:00,137.253985,OK
11/25/2017 13:00,133.638348,OK
11/25/2017 14:00,135.454533,OK
11/25/2017 15:00,134.730348,OK
11/25/2017 16:00,135.919578,OK
11/25/2017 17:00,149.727044,OK
11/25/2017 18:00,149.165868,OK
11/25/2017 19:00,151.646828,OK
11/25/2017 20:00,155.584264,OK
11/25/2017 21:00,159.768061,OK
11/25/2017 22:00,159.238546,OK
11/25/2017 23:00,165.51928,OK
11/26/2017 0:00,163.507212,OK
11/26/2017 1:00,159.718792,OK
11/26/2017 2:00,163.216121,OK
11/26/2017 3:00,166.498363,OK
11/26/2017 4:00,165.42104,OK
11/26/2017 5:00,169.587596,OK
11/26/2017 6:00,178.676026,OK
11/26/2017 7:00,182.107867,OK
11/26/2017 8:00,181.704496,OK
11/26/2017 9:00,171.113864,OK
11/26/2017 10:00,154.42717,OK
11/26/2017 11:00,154.187498,OK
11/26/2017 12:00,147.971085,OK
11/26/2017 13:00,144.27197,OK
11/26/2017 14:00,137.04256,OK
11/26/2017 15:00,132.181134,OK
11/26/2017 16:00,134.526527,OK
11/26/2017 17:00,146.003732,OK
11/26/2017 18:00,146.549982,OK
11/26/2017 19:00,147.17197,OK
11/26/2017 20:00,155.358976,OK
11/26/2017 21:00,150.604679,OK
11/26/2017 22:00,151.198211,OK
11/26/2017 23:00,148.26104,OK
11/27/2017 0:00,144.46895,OK
11/27/2017 1:00,144.791332,OK
11/27/2017 2:00,150.005609,OK
11/27/2017 3:00,146.211027,OK
11/27/2017 4:00,152.51631,OK
11/27/2017 5:00,158.729273,OK
11/27/2017 6:00,160.672574,OK
11/27/2017 7:00,175.925909,OK
11/27/2017 8:00,174.505006,OK
11/27/2017 9:00,159.152923,OK
11/27/2017 10:00,146.336215,OK
11/27/2017 11:00,133.063219,OK
11/27/2017 12:00,133.055385,OK
11/27/2017 13:00,128.916421,OK
11/27/2017 14:00,128.400072,OK
11/27/2017 15:00,123.985463,OK
11/27/2017 16:00,123.772138,OK
11/27/2017 17:00,137.752659,OK
11/27/2017 18:00,145.599953,OK
11/27/2017 19:00,151.508621,OK
11/27/2017 20:00,138.369266,OK
11/27/2017 21:00,145.256746,OK
11/27/2017 22:00,134.696393,OK
11/27/2017 23:00,140.143541,OK
11/28/2017 0:00,148.273841,OK
11/28/2017 1:00,134.044627,OK
11/28/2017 2:00,133.881725,OK
11/28/2017 3:00,134.904728,OK
11/28/2017 4:00,141.618406,OK
11/28/2017 5:00,140.692859,OK
11/28/2017 6:00,152.016775,OK
11/28/2017 7:00,158.21594,OK
11/28/2017 8:00,163.190764,OK
11/28/2017 9:00,142.420214,OK
11/28/2017 10:00,136.822869,OK
11/28/2017 11:00,131.013953,OK
11/28/2017 12:00,130.555286,OK
11/28/2017 13:00,127.259615,OK
11/28/2017 14:00,125.002254,OK
11/28/2017 15:00,124.657361,OK
11/28/2017 16:00,122.225118,OK
11/28/2017 17:00,126.260829,OK
11/28/2017 18:00,130.820861,OK
11/28/2017 19:00,127.93401,OK
11/28/2017 20:00,127.555288,OK
11/28/2017 21:00,126.82631,OK
11/28/2017 22:00,127.835134,OK
11/28/2017 23:00,132.715704,OK
11/29/2017 0:00,144.938665,OK
11/29/2017 1:00,142.942412,OK
11/29/2017 2:00,146.17267,OK
11/29/2017 3:00,149.409904,OK
11/29/2017 4:00,153.539806,OK
11/29/2017 5:00,159.522667,OK
11/29/2017 6:00,164.831383,OK
11/29/2017 7:00,176.956224,OK
11/29/2017 8:00,189.131149,OK
11/29/2017 9:00,167.907377,OK
11/29/2017 10:00,154.446187,OK
11/29/2017 11:00,150.18092,OK
11/29/2017 12:00,147.616801,OK
11/29/2017 13:00,150.834093,OK
11/29/2017 14:00,147.194697,OK
11/29/2017 15:00,141.244409,OK
11/29/2017 16:00,149.983034,OK
11/29/2017 17:00,146.40089,OK
11/29/2017 18:00,146.513807,OK
11/29/2017 19:00,148.031881,OK
11/29/2017 20:00,154.749897,OK
11/29/2017 21:00,152.898218,OK
11/29/2017 22:00,149.145398,OK
11/29/2017 23:00,150.294552,OK
11/30/2017 0:00,149.841754,OK
11/30/2017 1:00,142.34578,OK
11/30/2017 2:00,138.987843,OK
11/30/2017 3:00,140.872596,OK
11/30/2017 4:00,138.740266,OK
11/30/2017 5:00,138.582958,OK
11/30/2017 6:00,145.651044,OK
11/30/2017 7:00,156.948621,OK
11/30/2017 8:00,167.724925,OK
11/30/2017 9:00,173.193261,OK
11/30/2017 10:00,156.278875,OK
11/30/2017 11:00,156.720833,OK
11/30/2017 12:00,147.982903,OK
11/30/2017 13:00,136.793701,OK
11/30/2017 14:00,142.652781,OK
11/30/2017 15:00,139.196836,OK
11/30/2017 16:00,146.001399,OK
11/30/2017 17:00,147.502251,OK
11/30/2017 18:00,155.155253,OK
11/30/2017 19:00,154.856288,OK
11/30/2017 20:00,158.992978,OK
11/30/2017 21:00,158.861679,OK
11/30/2017 22:00,158.190163,OK
11/30/2017 23:00,157.819841,OK
12/1/2017 0:00,161.811859,OK
12/1/2017 1:00,157.900115,OK
12/1/2017 2:00,157.193836,OK
12/1/2017 3:00,161.31776,OK
12/1/2017 4:00,159.297235,OK
12/1/2017 5:00,158.973889,OK
12/1/2017 6:00,167.9185,OK
12/1/2017 7:00,182.382495,OK
12/1/2017 8:00,186.39486,OK
12/1/2017 9:00,171.153581,OK
12/1/2017 10:00,157.8005,OK
12/1/2017 11:00,152.254052,OK
12/1/2017 12:00,146.786533,OK
12/1/2017 13:00,144.644883,OK
12/1/2017 14:00,149.131946,OK
12/1/2017 15:00,137.300915,OK
12/1/2017 16:00,145.252932,OK
12/1/2017 17:00,159.816691,OK
12/1/2017 18:00,166.706212,OK
12/1/2017 19:00,166.812213,OK
12/1/2017 20:00,171.816218,OK
12/1/2017 21:00,166.289012,OK
12/1/2017 22:00,168.263055,OK
12/1/2017 23:00,168.178966,OK
12/2/2017 0:00,169.061986,OK
12/2/2017 1:00,169.201297,OK
12/2/2017 2:00,168.486881,OK
12/2/2017 3:00,155.950026,OK
12/2/2017 4:00,163.703645,OK
12/2/2017 5:00,167.505309,OK
12/2/2017 6:00,168.416466,OK
12/2/2017 7:00,171.949344,OK
12/2/2017 8:00,179.968062,OK
12/2/2017 9:00,173.442611,OK
12/2/2017 10:00,154.150424,OK
12/2/2017 11:00,149.129235,OK
12/2/2017 12:00,150.10178,OK
12/2/2017 13:00,145.564855,OK
12/2/2017 14:00,147.439473,OK
12/2/2017 15:00,143.319737,OK
12/2/2017 16:00,141.95024,OK
12/2/2017 17:00,148.794154,OK
12/2/2017 18:00,158.81935,OK
12/2/2017 19:00,159.919329,OK
12/2/2017 20:00,160.85292,OK
12/2/2017 21:00,159.258572,OK
12/2/2017 22:00,165.482681,OK
12/2/2017 23:00,160.424001,OK
12/3/2017 0:00,163.341133,OK
12/3/2017 1:00,178.723956,OK
12/3/2017 2:00,165.103982,OK
12/3/2017 3:00,169.868266,OK
12/3/2017 4:00,170.285424,OK
12/3/2017 5:00,168.842767,OK
12/3/2017 6:00,173.797873,OK
12/3/2017 7:00,181.653212,OK
12/3/2017 8:00,179.373963,OK
12/3/2017 9:00,168.897987,OK
12/3/2017 10:00,157.407028,OK
12/3/2017 11:00,146.639692,OK
12/3/2017 12:00,147.721884,OK
12/3/2017 13:00,148.661317,OK
12/3/2017 14:00,144.637559,OK
12/3/2017 15:00,145.080793,OK
12/3/2017 16:00,144.659051,OK
12/3/2017 17:00,157.213607,OK
12/3/2017 18:00,157.303672,OK
12/3/2017 19:00,157.545133,OK
12/3/2017 20:00,157.831489,OK
12/3/2017 21:00,158.907732,OK
12/3/2017 22:00,152.955847,OK
12/3/2017 23:00,150.949842,OK
12/4/2017 0:00,151.111226,OK
12/4/2017 1:00,147.230698,OK
12/4/2017 2:00,139.325065,OK
12/4/2017 3:00,139.340628,OK
12/4/2017 4:00,145.709019,OK
12/4/2017 5:00,140.130489,OK
12/4/2017 6:00,141.516718,OK
12/4/2017 7:00,150.53459,OK
12/4/2017 8:00,151.118174,OK
12/4/2017 9:00,155.673601,OK
12/4/2017 10:00,147.287604,OK
12/4/2017 11:00,141.387246,OK
12/4/2017 12:00,141.582195,OK
12/4/2017 13:00,137.496565,OK
12/4/2017 14:00,139.226569,OK
12/4/2017 15:00,139.440149,OK
12/4/2017 16:00,138.659369,OK
12/4/2017 17:00,140.161662,OK
12/4/2017 18:00,139.434357,OK
12/4/2017 19:00,140.820687,OK
12/4/2017 20:00,140.388787,OK
12/4/2017 21:00,135.364527,OK
12/4/2017 22:00,141.553434,OK
12/4/2017 23:00,141.907704,OK
12/5/2017 0:00,172.17693,OK
12/5/2017 1:00,159.890438,OK
12/5/2017 2:00,165.510871,OK
12/5/2017 3:00,168.22812,OK
12/5/2017 4:00,168.757464,OK
12/5/2017 5:00,179.981768,OK
12/5/2017 6:00,188.633423,OK
12/5/2017 7:00,202.151064,OK
12/5/2017 8:00,212.746476,OK
12/5/2017 9:00,218.629575,OK
12/5/2017 10:00,214.662617,OK
12/5/2017 11:00,213.239418,OK
12/5/2017 12:00,217.861018,OK
12/5/2017 13:00,207.018819,OK
12/5/2017 14:00,196.641081,OK
12/5/2017 15:00,193.712966,OK
12/5/2017 16:00,202.26171,OK
12/5/2017 17:00,208.332681,OK
12/5/2017 18:00,209.392269,OK
12/5/2017 19:00,209.41181,OK
12/5/2017 20:00,205.412175,OK
12/5/2017 21:00,209.919674,OK
12/5/2017 22:00,209.900538,OK
12/5/2017 23:00,206.048104,OK
12/6/2017 0:00,210.354081,OK
12/6/2017 1:00,205.07785,OK
12/6/2017 2:00,198.183789,OK
12/6/2017 3:00,200.90076,OK
12/6/2017 4:00,195.02465,OK
12/6/2017 5:00,205.163728,OK
12/6/2017 6:00,208.43179,OK
12/6/2017 7:00,218.3792,OK
12/6/2017 8:00,224.922167,OK
12/6/2017 9:00,209.356651,OK
12/6/2017 10:00,208.567846,OK
12/6/2017 11:00,204.120919,OK
12/6/2017 12:00,201.964457,OK
12/6/2017 13:00,197.847207,OK
12/6/2017 14:00,201.53742,OK
12/6/2017 15:00,207.688155,OK
12/6/2017 16:00,205.88626,OK
12/6/2017 17:00,205.51359,OK
12/6/2017 18:00,204.94141,OK
12/6/2017 19:00,206.38732,OK
12/6/2017 20:00,205.682157,OK
12/6/2017 21:00,199.934151,OK
12/6/2017 22:00,212.483926,OK
12/6/2017 23:00,205.723887,OK
12/7/2017 0:00,216.029854,OK
12/7/2017 1:00,209.457713,OK
12/7/2017 2:00,219.149906,OK
12/7/2017 3:00,218.319304,OK
12/7/2017 4:00,217.954249,OK
12/7/2017 5:00,222.233154,OK
12/7/2017 6:00,230.087464,OK
12/7/2017 7:00,247.850762,OK
12/7/2017 8:00,257.357095,OK
12/7/2017 9:00,256.726793,OK
12/7/2017 10:00,244.61452,OK
12/7/2017 11:00,238.429085,OK
12/7/2017 12:00,232.683042,OK
12/7/2017 13:00,232.462203,OK
12/7/2017 14:00,234.076508,OK
12/7/2017 15:00,227.581574,OK
12/7/2017 16:00,232.312017,OK
12/7/2017 17:00,236.126376,OK
12/7/2017 18:00,238.339649,OK
12/7/2017 19:00,239.585947,OK
12/7/2017 20:00,237.477806,OK
12/7/2017 21:00,238.670094,OK
12/7/2017 22:00,242.335788,OK
12/7/2017 23:00,240.697278,OK
12/8/2017 0:00,241.028565,OK
12/8/2017 1:00,241.528767,OK
12/8/2017 2:00,239.759011,OK
12/8/2017 3:00,242.719614,OK
12/8/2017 4:00,245.420411,OK
12/8/2017 5:00,245.333174,OK
12/8/2017 6:00,248.12008,OK
12/8/2017 7:00,273.852977,OK
12/8/2017 8:00,279.199978,OK
12/8/2017 9:00,270.382578,OK
12/8/2017 10:00,249.307266,OK
12/8/2017 11:00,236.699444,OK
12/8/2017 12:00,236.837577,OK
12/8/2017 13:00,227.465967,OK
12/8/2017 14:00,224.931921,OK
12/8/2017 15:00,217.967961,OK
12/8/2017 16:00,223.178203,OK
12/8/2017 17:00,240.415934,OK
12/8/2017 18:00,243.656343,OK
12/8/2017 19:00,235.548967,OK
12/8/2017 20:00,233.865986,OK
12/8/2017 21:00,234.996079,OK
12/8/2017 22:00,230.737164,OK
12/8/2017 23:00,227.861666,OK
12/9/2017 0:00,217.227635,OK
12/9/2017 1:00,216.087751,OK
12/9/2017 2:00,216.571157,OK
12/9/2017 3:00,213.225324,OK
12/9/2017 4:00,213.453695,OK
12/9/2017 5:00,209.678948,OK
12/9/2017 6:00,215.584719,OK
12/9/2017 7:00,222.397428,OK
12/9/2017 8:00,211.185194,OK
12/9/2017 9:00,232.292753,OK
12/9/2017 10:00,224.067367,OK
12/9/2017 11:00,230.641935,OK
12/9/2017 12:00,231.579972,OK
12/9/2017 13:00,237.234768,OK
12/9/2017 14:00,235.433937,OK
12/9/2017 15:00,232.650271,OK
12/9/2017 16:00,233.496136,OK
12/9/2017 17:00,240.766951,OK
12/9/2017 18:00,240.814718,OK
12/9/2017 19:00,246.056047,OK
12/9/2017 20:00,239.027551,OK
12/9/2017 21:00,243.142501,OK
12/9/2017 22:00,239.245432,OK
12/9/2017 23:00,239.662974,OK
12/10/2017 0:00,237.321137,OK
12/10/2017 1:00,236.847169,OK
12/10/2017 2:00,238.395862,OK
12/10/2017 3:00,235.776174,OK
12/10/2017 4:00,234.65795,OK
12/10/2017 5:00,233.688873,OK
12/10/2017 6:00,232.717937,OK
12/10/2017 7:00,240.172401,OK
12/10/2017 8:00,243.102457,OK
12/10/2017 9:00,239.659547,OK
12/10/2017 10:00,226.564153,OK
12/10/2017 11:00,221.505461,OK
12/10/2017 12:00,214.337241,OK
12/10/2017 13:00,206.447014,OK
12/10/2017 14:00,198.789753,OK
12/10/2017 15:00,195.650976,OK
12/10/2017 16:00,205.835987,OK
12/10/2017 17:00,209.29171,OK
12/10/2017 18:00,217.053313,OK
12/10/2017 19:00,218.545822,OK
12/10/2017 20:00,221.121549,OK
12/10/2017 21:00,222.541967,OK
12/10/2017 22:00,218.987586,OK
12/10/2017 23:00,218.057896,OK
12/11/2017 0:00,217.269022,OK
12/11/2017 1:00,219.849419,OK
12/11/2017 2:00,218.658418,OK
12/11/2017 3:00,218.882202,OK
12/11/2017 4:00,221.03606,OK
12/11/2017 5:00,215.948814,OK
12/11/2017 6:00,226.374634,OK
12/11/2017 7:00,235.845469,OK
12/11/2017 8:00,237.657073,OK
12/11/2017 9:00,229.494175,OK
12/11/2017 10:00,208.08752,OK
12/11/2017 11:00,184.229855,OK
12/11/2017 12:00,185.972439,OK
12/11/2017 13:00,186.035897,OK
12/11/2017 14:00,173.452824,OK
12/11/2017 15:00,161.507642,OK
12/11/2017 16:00,166.856026,OK
12/11/2017 17:00,177.44252,OK
12/11/2017 18:00,176.05972,OK
12/11/2017 19:00,178.53895,OK
12/11/2017 20:00,182.67627,OK
12/11/2017 21:00,180.92964,OK
12/11/2017 22:00,179.18316,OK
12/11/2017 23:00,181.46576,OK
12/12/2017 0:00,177.47711,OK
12/12/2017 1:00,176.51746,OK
12/12/2017 2:00,176.96895,OK
12/12/2017 3:00,185.21301,OK
12/12/2017 4:00,185.3525,OK
12/12/2017 5:00,202.51496,OK
12/12/2017 6:00,219.30868,OK
12/12/2017 7:00,233.16345,OK
12/12/2017 8:00,239.4839,OK
12/12/2017 9:00,242.54412,OK
12/12/2017 10:00,232.24141,OK
12/12/2017 11:00,228.57571,OK
12/12/2017 12:00,215.3453,OK
12/12/2017 13:00,208.86854,OK
12/12/2017 14:00,207.90621,OK
12/12/2017 15:00,205.90893,OK
12/12/2017 16:00,212.75865,OK
12/12/2017 17:00,214.44711,OK
12/12/2017 18:00,219.64807,OK
12/12/2017 19:00,214.25469,OK
12/12/2017 20:00,215.27836,OK
12/12/2017 21:00,211.90733,OK
12/12/2017 22:00,207.61121,OK
12/12/2017 23:00,208.44132,OK
12/13/2017 0:00,208.76999,OK
12/13/2017 1:00,202.34258,OK
12/13/2017 2:00,198.72988,OK
12/13/2017 3:00,197.03805,OK
12/13/2017 4:00,191.70806,OK
12/13/2017 5:00,199.561,OK
12/13/2017 6:00,201.99197,OK
12/13/2017 7:00,215.89783,OK
12/13/2017 8:00,224.74383,OK
12/13/2017 9:00,202.98637,OK
12/13/2017 10:00,196.139604,OK
12/13/2017 11:00,187.891575,OK
12/13/2017 12:00,193.305032,OK
12/13/2017 13:00,190.460125,OK
12/13/2017 14:00,190.107765,OK
12/13/2017 15:00,182.939733,OK
12/13/2017 16:00,186.708482,OK
12/13/2017 17:00,191.274086,OK
12/13/2017 18:00,189.569993,OK
12/13/2017 19:00,193.830545,OK
12/13/2017 20:00,190.605272,OK
12/13/2017 21:00,200.710397,OK
12/13/2017 22:00,193.246787,OK
12/13/2017 23:00,226.84413,OK
12/14/2017 0:00,236.726744,OK
12/14/2017 1:00,199.116711,OK
12/14/2017 2:00,193.249774,OK
12/14/2017 3:00,195.374459,OK
12/14/2017 4:00,195.572639,OK
12/14/2017 5:00,209.778177,OK
12/14/2017 6:00,236.23876,OK
12/14/2017 7:00,285.95129,OK
12/14/2017 8:00,302.79459,OK
12/14/2017 9:00,312.76447,OK
12/14/2017 10:00,229.532381,OK
12/14/2017 11:00,247.35078,OK
12/14/2017 12:00,227.339693,OK
12/14/2017 13:00,225.381919,OK
12/14/2017 14:00,211.628988,OK
12/14/2017 15:00,218.689982,OK
12/14/2017 16:00,238.481211,OK
12/14/2017 17:00,234.56851,OK
12/14/2017 18:00,238.831843,OK
12/14/2017 19:00,239.328101,OK
12/14/2017 20:00,236.107074,OK
12/14/2017 21:00,261.702858,OK
12/14/2017 22:00,243.487259,OK
12/14/2017 23:00,242.667069,OK
12/15/2017 0:00,241.142123,OK
12/15/2017 1:00,236.10201,OK
12/15/2017 2:00,198.580867,OK
12/15/2017 3:00,225.182056,OK
12/15/2017 4:00,224.092768,OK
12/15/2017 5:00,225.021475,OK
12/15/2017 6:00,242.92501,OK
12/15/2017 7:00,261.13449,OK
12/15/2017 8:00,218.004755,OK
12/15/2017 9:00,223.602779,OK
12/15/2017 10:00,244.70784,OK
12/15/2017 11:00,223.750759,OK
12/15/2017 12:00,245.60432,OK
12/15/2017 13:00,192.266947,OK
12/15/2017 14:00,199.393155,OK
12/15/2017 15:00,202.78117,OK
12/15/2017 16:00,209.311453,OK
12/15/2017 17:00,205.537887,OK
12/15/2017 18:00,197.658062,OK
12/15/2017 19:00,198.536795,OK
12/15/2017 20:00,205.00341,OK
12/15/2017 21:00,195.931315,OK
12/15/2017 22:00,204.370027,OK
12/15/2017 23:00,198.694147,OK
12/16/2017 0:00,190.036659,OK
12/16/2017 1:00,179.569538,OK
12/16/2017 2:00,185.083634,OK
12/16/2017 3:00,193.992829,OK
12/16/2017 4:00,189.590514,OK
12/16/2017 5:00,188.474312,OK
12/16/2017 6:00,187.267612,OK
12/16/2017 7:00,193.773815,OK
12/16/2017 8:00,196.932032,OK
12/16/2017 9:00,183.028791,OK
12/16/2017 10:00,175.562237,OK
12/16/2017 11:00,173.532971,OK
12/16/2017 12:00,164.920323,OK
12/16/2017 13:00,157.288448,OK
12/16/2017 14:00,154.382911,OK
12/16/2017 15:00,149.456544,OK
12/16/2017 16:00,154.721699,OK
12/16/2017 17:00,157.605051,OK
12/16/2017 18:00,164.324555,OK
12/16/2017 19:00,167.671062,OK
12/16/2017 20:00,173.563654,OK
12/16/2017 21:00,164.139853,OK
12/16/2017 22:00,171.441746,OK
12/16/2017 23:00,174.593875,OK
12/17/2017 0:00,179.441911,OK
12/17/2017 1:00,166.075326,OK
12/17/2017 2:00,167.797167,OK
12/17/2017 3:00,163.859466,OK
12/17/2017 4:00,150.119831,OK
12/17/2017 5:00,163.342186,OK
12/17/2017 6:00,163.336526,OK
12/17/2017 7:00,172.124398,OK
12/17/2017 8:00,173.564556,OK
12/17/2017 9:00,177.863214,OK
12/17/2017 10:00,172.682361,OK
12/17/2017 11:00,165.367336,OK
12/17/2017 12:00,165.937061,OK
12/17/2017 13:00,168.295483,OK
12/17/2017 14:00,154.832707,OK
12/17/2017 15:00,154.181904,OK
12/17/2017 16:00,154.048384,OK
12/17/2017 17:00,161.903568,OK
12/17/2017 18:00,164.839251,OK
12/17/2017 19:00,158.599819,OK
12/17/2017 20:00,161.03693,OK
12/17/2017 21:00,158.603256,OK
12/17/2017 22:00,158.226233,OK
12/17/2017 23:00,158.111212,OK
12/18/2017 0:00,155.106598,OK
12/18/2017 1:00,149.637314,OK
12/18/2017 2:00,149.054502,OK
12/18/2017 3:00,151.525918,OK
12/18/2017 4:00,146.952428,OK
12/18/2017 5:00,147.907475,OK
12/18/2017 6:00,147.600791,OK
12/18/2017 7:00,177.279466,OK
12/18/2017 8:00,170.285453,OK
12/18/2017 9:00,170.182311,OK
12/18/2017 10:00,170.664406,OK
12/18/2017 11:00,161.436427,OK
12/18/2017 12:00,158.611704,OK
12/18/2017 13:00,157.553011,OK
12/18/2017 14:00,162.369366,OK
12/18/2017 15:00,160.893481,OK
12/18/2017 16:00,157.201784,OK
12/18/2017 17:00,161.559922,OK
12/18/2017 18:00,172.138679,OK
12/18/2017 19:00,171.82008,OK
12/18/2017 20:00,170.555727,OK
12/18/2017 21:00,171.733096,OK
12/18/2017 22:00,162.813538,OK
12/18/2017 23:00,172.990175,OK
12/19/2017 0:00,170.954339,OK
12/19/2017 1:00,165.546602,OK
12/19/2017 2:00,166.263824,OK
12/19/2017 3:00,168.370794,OK
12/19/2017 4:00,164.480848,OK
12/19/2017 5:00,161.707451,OK
12/19/2017 6:00,171.733137,OK
12/19/2017 7:00,182.922788,OK
12/19/2017 8:00,195.158309,OK
12/19/2017 9:00,175.023176,OK
12/19/2017 10:00,169.186084,OK
12/19/2017 11:00,167.760961,OK
12/19/2017 12:00,161.5539,OK
12/19/2017 13:00,160.2587,OK
12/19/2017 14:00,161.5004,OK
12/19/2017 15:00,162.405493,OK
12/19/2017 16:00,158.628048,OK
12/19/2017 17:00,155.4532,OK
12/19/2017 18:00,157.476857,OK
12/19/2017 19:00,168.416302,OK
12/19/2017 20:00,164.108865,OK
12/19/2017 21:00,163.50775,OK
12/19/2017 22:00,169.609938,OK
12/19/2017 23:00,165.923303,OK
12/20/2017 0:00,173.693528,OK
12/20/2017 1:00,170.426267,OK
12/20/2017 2:00,171.500772,OK
12/20/2017 3:00,170.55628,OK
12/20/2017 4:00,177.274144,OK
12/20/2017 5:00,185.544014,OK
12/20/2017 6:00,185.923696,OK
12/20/2017 7:00,198.690693,OK
12/20/2017 8:00,210.573314,OK
12/20/2017 9:00,193.396238,OK
12/20/2017 10:00,181.678925,OK
12/20/2017 11:00,177.714897,OK
12/20/2017 12:00,171.377484,OK
12/20/2017 13:00,164.54423,OK
12/20/2017 14:00,163.298158,OK
12/20/2017 15:00,173.88622,OK
12/20/2017 16:00,170.447018,OK
12/20/2017 17:00,172.267548,OK
12/20/2017 18:00,176.445367,OK
12/20/2017 19:00,177.236474,OK
12/20/2017 20:00,176.99483,OK
12/20/2017 21:00,175.539381,OK
12/20/2017 22:00,175.735291,OK
12/20/2017 23:00,177.05544,OK
12/21/2017 0:00,178.720069,OK
12/21/2017 1:00,173.535843,OK
12/21/2017 2:00,175.644336,OK
12/21/2017 3:00,177.105653,OK
12/21/2017 4:00,178.308489,OK
12/21/2017 5:00,181.766895,OK
12/21/2017 6:00,188.284811,OK
12/21/2017 7:00,233.25549,OK
12/21/2017 8:00,200.614647,OK
12/21/2017 9:00,190.881081,OK
12/21/2017 10:00,175.759816,OK
12/21/2017 11:00,168.402753,OK
12/21/2017 12:00,165.287926,OK
12/21/2017 13:00,151.935643,OK
12/21/2017 14:00,169.473781,OK
12/21/2017 15:00,162.81482,OK
12/21/2017 16:00,161.343439,OK
12/21/2017 17:00,161.792944,OK
12/21/2017 18:00,164.456409,OK
12/21/2017 19:00,164.453479,OK
12/21/2017 20:00,151.641161,OK
12/21/2017 21:00,151.611103,OK
12/21/2017 22:00,153.466676,OK
12/21/2017 23:00,153.037667,OK
12/22/2017 0:00,147.925662,OK
12/22/2017 1:00,141.92639,OK
12/22/2017 2:00,138.102328,OK
12/22/2017 3:00,130.680205,OK
12/22/2017 4:00,135.322508,OK
12/22/2017 5:00,131.719095,OK
12/22/2017 6:00,144.074852,OK
12/22/2017 7:00,164.084887,OK
12/22/2017 8:00,182.99049,OK
12/22/2017 9:00,171.977221,OK
12/22/2017 10:00,175.191987,OK
12/22/2017 11:00,171.15214,OK
12/22/2017 12:00,171.22962,OK
12/22/2017 13:00,150.687173,OK
12/22/2017 14:00,170.77345,OK
12/22/2017 15:00,168.714776,OK
12/22/2017 16:00,172.776217,OK
12/22/2017 17:00,169.935896,OK
12/22/2017 18:00,174.512556,OK
12/22/2017 19:00,175.950288,OK
12/22/2017 20:00,167.687502,OK
12/22/2017 21:00,170.641009,OK
12/22/2017 22:00,170.150701,OK
12/22/2017 23:00,166.797163,OK
12/23/2017 0:00,172.922386,OK
12/23/2017 1:00,167.179538,OK
12/23/2017 2:00,168.113089,OK
12/23/2017 3:00,173.492181,OK
12/23/2017 4:00,173.400618,OK
12/23/2017 5:00,183.153214,OK
12/23/2017 6:00,179.575916,OK
12/23/2017 7:00,187.118553,OK
12/23/2017 8:00,187.603233,OK
12/23/2017 9:00,195.346294,OK
12/23/2017 10:00,183.743373,OK
12/23/2017 11:00,191.676981,OK
12/23/2017 12:00,182.414919,OK
12/23/2017 13:00,172.534375,OK
12/23/2017 14:00,170.355119,OK
12/23/2017 15:00,182.684074,OK
12/23/2017 16:00,173.806498,OK
12/23/2017 17:00,208.01092,OK
12/23/2017 18:00,202.251148,OK
12/23/2017 19:00,193.60062,OK
12/23/2017 20:00,199.838243,OK
12/23/2017 21:00,198.956748,OK
12/23/2017 22:00,202.890696,OK
12/23/2017 23:00,198.316496,OK
12/24/2017 0:00,211.449649,OK
12/24/2017 1:00,202.892657,OK
12/24/2017 2:00,201.641816,OK
12/24/2017 3:00,198.792128,OK
12/24/2017 4:00,198.802522,OK
12/24/2017 5:00,220.021623,OK
12/24/2017 6:00,212.425688,OK
12/24/2017 7:00,225.43495,OK
12/24/2017 8:00,224.04281,OK
12/24/2017 9:00,232.14992,OK
12/24/2017 10:00,200.772124,OK
12/24/2017 11:00,235.16236,OK
12/24/2017 12:00,230.17808,OK
12/24/2017 13:00,233.26119,OK
12/24/2017 14:00,233.71007,OK
12/24/2017 15:00,242.61392,OK
12/24/2017 16:00,273.23393,OK
12/24/2017 17:00,296.63589,OK
12/24/2017 18:00,294.92371,OK
12/24/2017 19:00,267.06005,OK
12/24/2017 20:00,275.96863,OK
12/24/2017 21:00,267.79907,OK
12/24/2017 22:00,262.96672,OK
12/24/2017 23:00,259.74428,OK
12/25/2017 0:00,259.42356,OK
12/25/2017 1:00,263.4018,OK
12/25/2017 2:00,298.42739,OK
12/25/2017 3:00,312.196,OK
12/25/2017 4:00,309.73625,OK
12/25/2017 5:00,305.46518,OK
12/25/2017 6:00,332.58872,OK
12/25/2017 7:00,377.41706,OK
12/25/2017 8:00,379.25449,OK
12/25/2017 9:00,261.318469,OK
12/25/2017 10:00,251.14663,OK
12/25/2017 11:00,242.215038,OK
12/25/2017 12:00,231.749645,OK
12/25/2017 13:00,228.793735,OK
12/25/2017 14:00,234.460345,OK
12/25/2017 15:00,233.544254,OK
12/25/2017 16:00,236.237825,OK
12/25/2017 17:00,244.931942,OK
12/25/2017 18:00,245.035042,OK
12/25/2017 19:00,240.888767,OK
12/25/2017 20:00,245.933768,OK
12/25/2017 21:00,247.285626,OK
12/25/2017 22:00,242.390288,OK
12/25/2017 23:00,249.825704,OK
12/26/2017 0:00,253.755991,OK
12/26/2017 1:00,261.944729,OK
12/26/2017 2:00,260.91475,OK
12/26/2017 3:00,256.89932,OK
12/26/2017 4:00,261.34342,OK
12/26/2017 5:00,278.08174,OK
12/26/2017 6:00,275.49275,OK
12/26/2017 7:00,285.64395,OK
12/26/2017 8:00,302.348431,OK
12/26/2017 9:00,297.382883,OK
12/26/2017 10:00,287.86307,OK
12/26/2017 11:00,279.790809,OK
12/26/2017 12:00,283.769761,OK
12/26/2017 13:00,277.7246,OK
12/26/2017 14:00,276.180814,OK
12/26/2017 15:00,286.039384,OK
12/26/2017 16:00,287.742758,OK
12/26/2017 17:00,293.032651,OK
12/26/2017 18:00,291.445047,OK
12/26/2017 19:00,289.558792,OK
12/26/2017 20:00,285.887278,OK
12/26/2017 21:00,289.16505,OK
12/26/2017 22:00,287.274915,OK
12/26/2017 23:00,286.22881,OK
12/27/2017 0:00,285.348334,OK
12/27/2017 1:00,284.611276,OK
12/27/2017 2:00,283.386733,OK
12/27/2017 3:00,287.863967,OK
12/27/2017 4:00,291.819876,OK
12/27/2017 5:00,290.522268,OK
12/27/2017 6:00,285.700806,OK
12/27/2017 7:00,302.952472,OK
12/27/2017 8:00,304.547228,OK
12/27/2017 9:00,293.445759,OK
12/27/2017 10:00,284.110638,OK
12/27/2017 11:00,281.46386,OK
12/27/2017 12:00,277.457243,OK
12/27/2017 13:00,272.909212,OK
12/27/2017 14:00,272.250834,OK
12/27/2017 15:00,281.073384,OK
12/27/2017 16:00,288.724033,OK
12/27/2017 17:00,291.941975,OK
12/27/2017 18:00,293.148543,OK
12/27/2017 19:00,293.572605,OK
12/27/2017 20:00,288.046827,OK
12/27/2017 21:00,290.421137,OK
12/27/2017 22:00,289.953893,OK
12/27/2017 23:00,286.938623,OK
12/28/2017 0:00,279.951889,OK
12/28/2017 1:00,282.640554,OK
12/28/2017 2:00,278.624189,OK
12/28/2017 3:00,279.10689,OK
12/28/2017 4:00,280.337952,OK
12/28/2017 5:00,273.719417,OK
12/28/2017 6:00,275.916395,OK
12/28/2017 7:00,288.064427,OK
12/28/2017 8:00,283.670718,OK
12/28/2017 9:00,268.959134,OK
12/28/2017 10:00,263.25499,OK
12/28/2017 11:00,246.316546,OK
12/28/2017 12:00,251.048672,OK
12/28/2017 13:00,239.063476,OK
12/28/2017 14:00,250.817716,OK
12/28/2017 15:00,258.981315,OK
12/28/2017 16:00,245.242,OK
12/28/2017 17:00,259.394764,OK
12/28/2017 18:00,250.826435,OK
12/28/2017 19:00,251.841354,OK
12/28/2017 20:00,266.717533,OK
12/28/2017 21:00,259.79441,OK
12/28/2017 22:00,257.72177,OK
12/28/2017 23:00,250.758447,OK
12/29/2017 0:00,242.652446,OK
12/29/2017 1:00,240.59637,OK
12/29/2017 2:00,243.81881,OK
12/29/2017 3:00,239.72118,OK
12/29/2017 4:00,245.315419,OK
12/29/2017 5:00,244.926187,OK
12/29/2017 6:00,251.043123,OK
12/29/2017 7:00,259.993358,OK
12/29/2017 8:00,263.878403,OK
12/29/2017 9:00,248.684071,OK
12/29/2017 10:00,252.988216,OK
12/29/2017 11:00,253.889937,OK
12/29/2017 12:00,254.117204,OK
12/29/2017 13:00,253.303802,OK
12/29/2017 14:00,262.388555,OK
12/29/2017 15:00,257.803882,OK
12/29/2017 16:00,256.101132,OK
12/29/2017 17:00,258.4678,OK
12/29/2017 18:00,251.04956,OK
12/29/2017 19:00,252.430333,OK
12/29/2017 20:00,238.496537,OK
12/29/2017 21:00,246.836689,OK
12/29/2017 22:00,237.591532,OK
12/29/2017 23:00,239.100896,OK
12/30/2017 0:00,240.572283,OK
12/30/2017 1:00,236.793292,OK
12/30/2017 2:00,236.837434,OK
12/30/2017 3:00,246.049457,OK
12/30/2017 4:00,249.039965,OK
12/30/2017 5:00,251.443327,OK
12/30/2017 6:00,255.874003,OK
12/30/2017 7:00,266.147937,OK
12/30/2017 8:00,270.479107,OK
12/30/2017 9:00,276.459331,OK
12/30/2017 10:00,273.836339,OK
12/30/2017 11:00,277.150543,OK
12/30/2017 12:00,274.943687,OK
12/30/2017 13:00,275.135804,OK
12/30/2017 14:00,272.380202,OK
12/30/2017 15:00,278.623614,OK
12/30/2017 16:00,280.61137,OK
12/30/2017 17:00,293.370693,OK
12/30/2017 18:00,291.395632,OK
12/30/2017 19:00,291.576132,OK
12/30/2017 20:00,296.919889,OK
12/30/2017 21:00,301.896316,OK
12/30/2017 22:00,289.40494,OK
12/30/2017 23:00,295.832734,OK
12/31/2017 0:00,296.785597,OK
12/31/2017 1:00,286.013282,OK
12/31/2017 2:00,279.757254,OK
12/31/2017 3:00,292.087258,OK
12/31/2017 4:00,296.912898,OK
12/31/2017 5:00,279.738311,OK
12/31/2017 6:00,284.057783,OK
12/31/2017 7:00,302.241705,OK
12/31/2017 8:00,300.100181,OK
12/31/2017 9:00,294.705681,OK
12/31/2017 10:00,290.234198,OK
12/31/2017 11:00,291.974267,OK
12/31/2017 12:00,299.448592,OK
12/31/2017 13:00,289.079595,OK
12/31/2017 14:00,289.297482,OK
12/31/2017 15:00,285.415744,OK
12/31/2017 16:00,293.526023,OK
12/31/2017 17:00,299.128822,OK
12/31/2017 18:00,299.524213,OK
12/31/2017 19:00,301.796244,OK
12/31/2017 20:00,299.892668,OK
12/31/2017 21:00,301.247598,OK
12/31/2017 22:00,307.970488,OK
12/31/2017 23:00,307.793178,OK
1/1/2018 0:00,308.428254,OK
1/1/2018 1:00,311.191381,OK
1/1/2018 2:00,313.863116,OK
1/1/2018 3:00,315.728345,OK
1/1/2018 4:00,316.97793,OK
1/1/2018 5:00,318.958462,OK
1/1/2018 6:00,325.465204,OK
1/1/2018 7:00,335.577666,OK
1/1/2018 8:00,340.512042,OK
1/1/2018 9:00,237.042291,OK
1/1/2018 10:00,265.474397,OK
1/1/2018 11:00,283.98541,OK
1/1/2018 12:00,289.409334,OK
1/1/2018 13:00,285.537296,OK
1/1/2018 14:00,284.585301,OK
1/1/2018 15:00,308.152115,OK
1/1/2018 16:00,315.094289,OK
1/1/2018 17:00,325.509632,OK
1/1/2018 18:00,325.020668,OK
1/1/2018 19:00,323.728973,OK
1/1/2018 20:00,305.295559,OK
1/1/2018 21:00,307.899481,OK
1/1/2018 22:00,309.662795,OK
1/1/2018 23:00,310.03375,OK
1/2/2018 0:00,311.88497,OK
1/2/2018 1:00,311.623371,OK
1/2/2018 2:00,313.925755,OK
1/2/2018 3:00,309.691603,OK
1/2/2018 4:00,313.043496,OK
1/2/2018 5:00,314.820996,OK
1/2/2018 6:00,325.44453,OK
1/2/2018 7:00,333.150951,OK
1/2/2018 8:00,346.503451,OK
1/2/2018 9:00,339.901465,OK
1/2/2018 10:00,330.569503,OK
1/2/2018 11:00,317.012345,OK
1/2/2018 12:00,308.816781,OK
1/2/2018 13:00,306.016707,OK
1/2/2018 14:00,304.531933,OK
1/2/2018 15:00,300.523134,OK
1/2/2018 16:00,301.569394,OK
1/2/2018 17:00,311.215429,OK
1/2/2018 18:00,313.422531,OK
1/2/2018 19:00,309.822339,OK
1/2/2018 20:00,298.629424,OK
1/2/2018 21:00,303.615499,OK
1/2/2018 22:00,294.265631,OK
1/2/2018 23:00,292.366298,OK
1/3/2018 0:00,291.278248,OK
1/3/2018 1:00,279.584556,OK
1/3/2018 2:00,280.816552,OK
1/3/2018 3:00,273.042588,OK
1/3/2018 4:00,271.584066,OK
1/3/2018 5:00,268.061539,OK
1/3/2018 6:00,268.890734,OK
1/3/2018 7:00,276.436338,OK
1/3/2018 8:00,284.552035,OK
1/3/2018 9:00,271.124727,OK
1/3/2018 10:00,274.249279,OK
1/3/2018 11:00,269.330437,OK
1/3/2018 12:00,270.45623,OK
1/3/2018 13:00,265.919256,OK
1/3/2018 14:00,276.534577,OK
1/3/2018 15:00,280.49183,OK
1/3/2018 16:00,283.216797,OK
1/3/2018 17:00,290.356625,OK
1/3/2018 18:00,293.305741,OK
1/3/2018 19:00,294.866719,OK
1/3/2018 20:00,289.501985,OK
1/3/2018 21:00,300.198773,OK
1/3/2018 22:00,296.037691,OK
1/3/2018 23:00,298.488522,OK
1/4/2018 0:00,300.993813,OK
1/4/2018 1:00,299.044865,OK
1/4/2018 2:00,305.065639,OK
1/4/2018 3:00,304.617483,OK
1/4/2018 4:00,306.3684,OK
1/4/2018 5:00,310.067553,OK
1/4/2018 6:00,321.097913,OK
1/4/2018 7:00,329.748786,OK
1/4/2018 8:00,331.769699,OK
1/4/2018 9:00,324.708264,OK
1/4/2018 10:00,312.352739,OK
1/4/2018 11:00,312.394042,OK
1/4/2018 12:00,296.192915,OK
1/4/2018 13:00,296.831984,OK
1/4/2018 14:00,289.926318,OK
1/4/2018 15:00,294.42496,OK
1/4/2018 16:00,301.641679,OK
1/4/2018 17:00,308.170744,OK
1/4/2018 18:00,309.066084,OK
1/4/2018 19:00,300.337698,OK
1/4/2018 20:00,305.49197,OK
1/4/2018 21:00,296.110449,OK
1/4/2018 22:00,291.865061,OK
1/4/2018 23:00,279.658264,OK
1/5/2018 0:00,284.479611,OK
1/5/2018 1:00,276.593925,OK
1/5/2018 2:00,277.596154,OK
1/5/2018 3:00,277.565641,OK
1/5/2018 4:00,275.707067,OK
1/5/2018 5:00,276.990331,OK
1/5/2018 6:00,286.039224,OK
1/5/2018 7:00,298.764959,OK
1/5/2018 8:00,303.694054,OK
1/5/2018 9:00,300.635809,OK
1/5/2018 10:00,281.00736,OK
1/5/2018 11:00,292.27576,OK
1/5/2018 12:00,276.699429,OK
1/5/2018 13:00,275.25133,OK
1/5/2018 14:00,277.162599,OK
1/5/2018 15:00,277.024891,OK
1/5/2018 16:00,286.173282,OK
1/5/2018 17:00,292.37459,OK
1/5/2018 18:00,293.831217,OK
1/5/2018 19:00,292.316913,OK
1/5/2018 20:00,292.382781,OK
1/5/2018 21:00,292.929259,OK
1/5/2018 22:00,297.085966,OK
1/5/2018 23:00,293.885446,OK
1/6/2018 0:00,298.62298,OK
1/6/2018 1:00,294.831302,OK
1/6/2018 2:00,294.371148,OK
1/6/2018 3:00,296.681184,OK
1/6/2018 4:00,296.767169,OK
1/6/2018 5:00,300.25307,OK
1/6/2018 6:00,301.773524,OK
1/6/2018 7:00,316.750154,OK
1/6/2018 8:00,318.082455,OK
1/6/2018 9:00,303.867571,OK
1/6/2018 10:00,290.381915,OK
1/6/2018 11:00,278.234009,OK
1/6/2018 12:00,275.551873,OK
1/6/2018 13:00,269.86991,OK
1/6/2018 14:00,266.884179,OK
1/6/2018 15:00,265.365621,OK
1/6/2018 16:00,271.797939,OK
1/6/2018 17:00,279.672002,OK
1/6/2018 18:00,279.367858,OK
1/6/2018 19:00,285.409393,OK
1/6/2018 20:00,285.588499,OK
1/6/2018 21:00,284.573023,OK
1/6/2018 22:00,282.895378,OK
1/6/2018 23:00,280.550298,OK
1/7/2018 0:00,274.111411,OK
1/7/2018 1:00,268.931553,OK
1/7/2018 2:00,264.97802,OK
1/7/2018 3:00,260.986595,OK
1/7/2018 4:00,256.177941,OK
1/7/2018 5:00,254.765002,OK
1/7/2018 6:00,255.012551,OK
1/7/2018 7:00,258.0896,OK
1/7/2018 8:00,252.814304,OK
1/7/2018 9:00,251.282211,OK
1/7/2018 10:00,244.502923,OK
1/7/2018 11:00,241.346745,OK
1/7/2018 12:00,222.145073,OK
1/7/2018 13:00,214.616792,OK
1/7/2018 14:00,211.937585,OK
1/7/2018 15:00,208.969888,OK
1/7/2018 16:00,212.866471,OK
1/7/2018 17:00,210.004685,OK
1/7/2018 18:00,212.553065,OK
1/7/2018 19:00,204.834834,OK
1/7/2018 20:00,206.229183,OK
1/7/2018 21:00,209.708607,OK
1/7/2018 22:00,208.677529,OK
1/7/2018 23:00,204.875154,OK
1/8/2018 0:00,204.13998,OK
1/8/2018 1:00,200.532406,OK
1/8/2018 2:00,195.731373,OK
1/8/2018 3:00,196.628899,OK
1/8/2018 4:00,199.319095,OK
1/8/2018 5:00,195.230282,OK
1/8/2018 6:00,194.709268,OK
1/8/2018 7:00,207.530962,OK
1/8/2018 8:00,208.503653,OK
1/8/2018 9:00,213.745292,OK
1/8/2018 10:00,209.202679,OK
1/8/2018 11:00,209.709475,OK
1/8/2018 12:00,205.08991,OK
1/8/2018 13:00,204.213841,OK
1/8/2018 14:00,203.329023,OK
1/8/2018 15:00,206.457293,OK
1/8/2018 16:00,208.409627,OK
1/8/2018 17:00,206.368924,OK
1/8/2018 18:00,207.887427,OK
1/8/2018 19:00,204.707071,OK
1/8/2018 20:00,205.307158,OK
1/8/2018 21:00,203.389145,OK
1/8/2018 22:00,202.020189,OK
1/8/2018 23:00,200.150034,OK
1/9/2018 0:00,200.813052,OK
1/9/2018 1:00,197.141492,OK
1/9/2018 2:00,195.786853,OK
1/9/2018 3:00,200.103874,OK
1/9/2018 4:00,196.79943,OK
1/9/2018 5:00,203.438521,OK
1/9/2018 6:00,201.903438,OK
1/9/2018 7:00,209.690877,OK
1/9/2018 8:00,218.159065,OK
1/9/2018 9:00,220.096422,OK
1/9/2018 10:00,206.070721,OK
1/9/2018 11:00,205.887951,OK
1/9/2018 12:00,201.131057,OK
1/9/2018 13:00,199.917839,OK
1/9/2018 14:00,201.746409,OK
1/9/2018 15:00,201.990583,OK
1/9/2018 16:00,208.199879,OK
1/9/2018 17:00,206.353687,OK
1/9/2018 18:00,205.558745,OK
1/9/2018 19:00,196.904957,OK
1/9/2018 20:00,192.519209,OK
1/9/2018 21:00,192.058132,OK
1/9/2018 22:00,188.286836,OK
1/9/2018 23:00,186.344776,OK
1/10/2018 0:00,188.326654,OK
1/10/2018 1:00,178.767264,OK
1/10/2018 2:00,177.985507,OK
1/10/2018 3:00,176.818594,OK
1/10/2018 4:00,177.456667,OK
1/10/2018 5:00,175.995563,OK
1/10/2018 6:00,178.207331,OK
1/10/2018 7:00,186.596618,OK
1/10/2018 8:00,189.768592,OK
1/10/2018 9:00,185.733376,OK
1/10/2018 10:00,177.806143,OK
1/10/2018 11:00,167.648898,OK
1/10/2018 12:00,161.822463,OK
1/10/2018 13:00,159.521024,OK
1/10/2018 14:00,157.723909,OK
1/10/2018 15:00,153.099335,OK
1/10/2018 16:00,155.233393,OK
1/10/2018 17:00,152.14027,OK
1/10/2018 18:00,135.300438,OK
1/10/2018 19:00,143.464847,OK
1/10/2018 20:00,141.14642,OK
1/10/2018 21:00,140.266218,OK
1/10/2018 22:00,138.187297,OK
1/10/2018 23:00,132.686193,OK
1/11/2018 0:00,131.207855,OK
1/11/2018 1:00,130.745465,OK
1/11/2018 2:00,131.062319,OK
1/11/2018 3:00,132.05364,OK
1/11/2018 4:00,131.518097,OK
1/11/2018 5:00,129.364158,OK
1/11/2018 6:00,128.193954,OK
1/11/2018 7:00,135.555287,OK
1/11/2018 8:00,140.773038,OK
1/11/2018 9:00,140.571201,OK
1/11/2018 10:00,141.947359,OK
1/11/2018 11:00,139.067055,OK
1/11/2018 12:00,133.982129,OK
1/11/2018 13:00,138.780416,OK
1/11/2018 14:00,137.774643,OK
1/11/2018 15:00,132.5523,OK
1/11/2018 16:00,140.061907,OK
1/11/2018 17:00,138.148952,OK
1/11/2018 18:00,179.181706,OK
1/11/2018 19:00,186.459083,OK
1/11/2018 20:00,185.629323,OK
1/11/2018 21:00,200.821997,OK
1/11/2018 22:00,206.585064,OK
1/11/2018 23:00,216.967278,OK
1/12/2018 0:00,224.285097,OK
1/12/2018 1:00,233.002882,OK
1/12/2018 2:00,233.177637,OK
1/12/2018 3:00,235.212019,OK
1/12/2018 4:00,232.215508,OK
1/12/2018 5:00,235.295736,OK
1/12/2018 6:00,235.962219,OK
1/12/2018 7:00,245.518268,OK
1/12/2018 8:00,249.919008,OK
1/12/2018 9:00,251.925628,OK
1/12/2018 10:00,250.046317,OK
1/12/2018 11:00,247.148483,OK
1/12/2018 12:00,236.836811,OK
1/12/2018 13:00,248.126887,OK
1/12/2018 14:00,243.890712,OK
1/12/2018 15:00,243.834249,OK
1/12/2018 16:00,244.873974,OK
1/12/2018 17:00,248.325848,OK
1/12/2018 18:00,244.676171,OK
1/12/2018 19:00,247.295374,OK
1/12/2018 20:00,247.932188,OK
1/12/2018 21:00,250.691724,OK
1/12/2018 22:00,244.066878,OK
1/12/2018 23:00,248.005326,OK
1/13/2018 0:00,250.535382,OK
1/13/2018 1:00,252.465901,OK
1/13/2018 2:00,253.775895,OK
1/13/2018 3:00,257.941247,OK
1/13/2018 4:00,258.205009,OK
1/13/2018 5:00,262.364919,OK
1/13/2018 6:00,265.99057,OK
1/13/2018 7:00,276.098031,OK
1/13/2018 8:00,274.393901,OK
1/13/2018 9:00,271.787845,OK
1/13/2018 10:00,263.626928,OK
1/13/2018 11:00,252.673977,OK
1/13/2018 12:00,245.48721,OK
1/13/2018 13:00,248.729444,OK
1/13/2018 14:00,240.052962,OK
1/13/2018 15:00,238.211179,OK
1/13/2018 16:00,245.442435,OK
1/13/2018 17:00,259.503842,OK
1/13/2018 18:00,265.270893,OK
1/13/2018 19:00,255.525813,OK
1/13/2018 20:00,264.354836,OK
1/13/2018 21:00,262.619606,OK
1/13/2018 22:00,261.583453,OK
1/13/2018 23:00,263.887088,OK
1/14/2018 0:00,265.269893,OK
1/14/2018 1:00,262.010061,OK
1/14/2018 2:00,261.193035,OK
1/14/2018 3:00,263.692445,OK
1/14/2018 4:00,262.8475,OK
1/14/2018 5:00,266.941213,OK
1/14/2018 6:00,268.212239,OK
1/14/2018 7:00,275.980183,OK
1/14/2018 8:00,276.747409,OK
1/14/2018 9:00,263.461516,OK
1/14/2018 10:00,249.163018,OK
1/14/2018 11:00,242.37527,OK
1/14/2018 12:00,238.024964,OK
1/14/2018 13:00,235.714376,OK
1/14/2018 14:00,239.614952,OK
1/14/2018 15:00,241.852023,OK
1/14/2018 16:00,244.59967,OK
1/14/2018 17:00,246.870695,OK
1/14/2018 18:00,250.518077,OK
1/14/2018 19:00,248.714991,OK
1/14/2018 20:00,251.529874,OK
1/14/2018 21:00,250.874178,OK
1/14/2018 22:00,253.043904,OK
1/14/2018 23:00,250.135316,OK
1/15/2018 0:00,245.539246,OK
1/15/2018 1:00,242.792881,OK
1/15/2018 2:00,241.170635,OK
1/15/2018 3:00,236.012011,OK
1/15/2018 4:00,233.103465,OK
1/15/2018 5:00,235.886262,OK
1/15/2018 6:00,238.74197,OK
1/15/2018 7:00,245.905497,OK
1/15/2018 8:00,249.904709,OK
1/15/2018 9:00,245.7196,OK
1/15/2018 10:00,237.309898,OK
1/15/2018 11:00,258.79689,OK
1/15/2018 12:00,263.50297,OK
1/15/2018 13:00,255.864365,OK
1/15/2018 14:00,261.670577,OK
1/15/2018 15:00,264.986126,OK
1/15/2018 16:00,280.144187,OK
1/15/2018 17:00,290.484322,OK
1/15/2018 18:00,293.863261,OK
1/15/2018 19:00,294.2397,OK
1/15/2018 20:00,286.931931,OK
1/15/2018 21:00,290.81747,OK
1/15/2018 22:00,291.335417,OK
1/15/2018 23:00,292.28361,OK
1/16/2018 0:00,300.385478,OK
1/16/2018 1:00,293.397982,OK
1/16/2018 2:00,300.84499,OK
1/16/2018 3:00,301.61343,OK
1/16/2018 4:00,306.042802,OK
1/16/2018 5:00,308.358983,OK
1/16/2018 6:00,317.775996,OK
1/16/2018 7:00,328.203804,OK
1/16/2018 8:00,340.61756,OK
1/16/2018 9:00,336.872542,OK
1/16/2018 10:00,335.168422,OK
1/16/2018 11:00,318.928334,OK
1/16/2018 12:00,309.873827,OK
1/16/2018 13:00,308.077685,OK
1/16/2018 14:00,307.329579,OK
1/16/2018 15:00,307.345051,OK
1/16/2018 16:00,307.120872,OK
1/16/2018 17:00,310.371277,OK
1/16/2018 18:00,307.631403,OK
1/16/2018 19:00,308.492914,OK
1/16/2018 20:00,300.614877,OK
1/16/2018 21:00,293.600792,OK
1/16/2018 22:00,296.355413,OK
1/16/2018 23:00,295.134122,OK
1/17/2018 0:00,296.369488,OK
1/17/2018 1:00,294.409777,OK
1/17/2018 2:00,294.214316,OK
1/17/2018 3:00,294.931908,OK
1/17/2018 4:00,296.64681,OK
1/17/2018 5:00,299.154267,OK
1/17/2018 6:00,308.825378,OK
1/17/2018 7:00,327.3895,OK
1/17/2018 8:00,307.964242,OK
1/17/2018 9:00,285.57614,OK
1/17/2018 10:00,292.014297,OK
1/17/2018 11:00,288.103766,OK
1/17/2018 12:00,276.451541,OK
1/17/2018 13:00,267.46175,OK
1/17/2018 14:00,263.042809,OK
1/17/2018 15:00,257.00892,OK
1/17/2018 16:00,260.848736,OK
1/17/2018 17:00,271.918589,OK
1/17/2018 18:00,275.124486,OK
1/17/2018 19:00,274.124874,OK
1/17/2018 20:00,272.861379,OK
1/17/2018 21:00,275.846628,OK
1/17/2018 22:00,274.279041,OK
1/17/2018 23:00,271.274229,OK
1/18/2018 0:00,269.585729,OK
1/18/2018 1:00,262.97316,OK
1/18/2018 2:00,258.30269,OK
1/18/2018 3:00,255.766637,OK
1/18/2018 4:00,255.626127,OK
1/18/2018 5:00,258.685453,OK
1/18/2018 6:00,273.369532,OK
1/18/2018 7:00,282.210202,OK
1/18/2018 8:00,294.243909,OK
1/18/2018 9:00,278.476867,OK
1/18/2018 10:00,259.852301,OK
1/18/2018 11:00,243.419807,OK
1/18/2018 12:00,235.111142,OK
1/18/2018 13:00,228.773736,OK
1/18/2018 14:00,228.727488,OK
1/18/2018 15:00,220.619352,OK
1/18/2018 16:00,225.680861,OK
1/18/2018 17:00,234.038231,OK
1/18/2018 18:00,238.41218,OK
1/18/2018 19:00,239.14083,OK
1/18/2018 20:00,238.55988,OK
1/18/2018 21:00,239.417372,OK
1/18/2018 22:00,234.965821,OK
1/18/2018 23:00,239.856122,OK
1/19/2018 0:00,239.093219,OK
1/19/2018 1:00,235.182525,OK
1/19/2018 2:00,229.636808,OK
1/19/2018 3:00,228.970575,OK
1/19/2018 4:00,227.375205,OK
1/19/2018 5:00,234.540512,OK
1/19/2018 6:00,238.538556,OK
1/19/2018 7:00,257.950595,OK
1/19/2018 8:00,260.026393,OK
1/19/2018 9:00,243.201546,OK
1/19/2018 10:00,213.661646,OK
1/19/2018 11:00,207.115288,OK
1/19/2018 12:00,203.496708,OK
1/19/2018 13:00,188.446463,OK
1/19/2018 14:00,208.597183,OK
1/19/2018 15:00,208.329126,OK
1/19/2018 16:00,207.661712,OK
1/19/2018 17:00,216.824576,OK
1/19/2018 18:00,217.407437,OK
1/19/2018 19:00,219.802382,OK
1/19/2018 20:00,216.255983,OK
1/19/2018 21:00,217.043337,OK
1/19/2018 22:00,212.291896,OK
1/19/2018 23:00,208.744061,OK
1/20/2018 0:00,212.768942,OK
1/20/2018 1:00,204.390182,OK
1/20/2018 2:00,202.394176,OK
1/20/2018 3:00,204.251488,OK
1/20/2018 4:00,201.351638,OK
1/20/2018 5:00,200.662227,OK
1/20/2018 6:00,208.657291,OK
1/20/2018 7:00,216.935202,OK
1/20/2018 8:00,214.30883,OK
1/20/2018 9:00,209.084166,OK
1/20/2018 10:00,200.787614,OK
1/20/2018 11:00,195.517567,OK
1/20/2018 12:00,202.39985,OK
1/20/2018 13:00,197.287277,OK
1/20/2018 14:00,191.514853,OK
1/20/2018 15:00,193.821716,OK
1/20/2018 16:00,199.815566,OK
1/20/2018 17:00,189.742339,OK
1/20/2018 18:00,188.539608,OK
1/20/2018 19:00,193.762249,OK
1/20/2018 20:00,186.24862,OK
1/20/2018 21:00,183.8199,OK
1/20/2018 22:00,186.961128,OK
1/20/2018 23:00,179.101111,OK
1/21/2018 0:00,178.853691,OK
1/21/2018 1:00,176.208309,OK
1/21/2018 2:00,173.323012,OK
1/21/2018 3:00,175.793822,OK
1/21/2018 4:00,169.935022,OK
1/21/2018 5:00,170.611113,OK
1/21/2018 6:00,170.178481,OK
1/21/2018 7:00,175.766162,OK
1/21/2018 8:00,176.615871,OK
1/21/2018 9:00,179.605995,OK
1/21/2018 10:00,181.882103,OK
1/21/2018 11:00,175.400027,OK
1/21/2018 12:00,174.642573,OK
1/21/2018 13:00,171.127982,OK
1/21/2018 14:00,168.403763,OK
1/21/2018 15:00,164.149494,OK
1/21/2018 16:00,163.532243,OK
1/21/2018 17:00,165.032112,OK
1/21/2018 18:00,166.682069,OK
1/21/2018 19:00,170.683397,OK
1/21/2018 20:00,164.598412,OK
1/21/2018 21:00,164.171707,OK
1/21/2018 22:00,161.719889,OK
1/21/2018 23:00,161.171152,OK
1/22/2018 0:00,157.966427,OK
1/22/2018 1:00,155.694862,OK
1/22/2018 2:00,153.964992,OK
1/22/2018 3:00,155.336621,OK
1/22/2018 4:00,151.706251,OK
1/22/2018 5:00,157.325179,OK
1/22/2018 6:00,160.221015,OK
1/22/2018 7:00,167.64334,OK
1/22/2018 8:00,170.770007,OK
1/22/2018 9:00,173.82025,OK
1/22/2018 10:00,168.122505,OK
1/22/2018 11:00,163.744658,OK
1/22/2018 12:00,163.314446,OK
1/22/2018 13:00,160.845622,OK
1/22/2018 14:00,152.69686,OK
1/22/2018 15:00,148.433133,OK
1/22/2018 16:00,148.640107,OK
1/22/2018 17:00,156.631371,OK
1/22/2018 18:00,180.400142,OK
1/22/2018 19:00,174.579512,OK
1/22/2018 20:00,171.751522,OK
1/22/2018 21:00,170.0643,OK
1/22/2018 22:00,174.758434,OK
1/22/2018 23:00,170.239146,OK
1/23/2018 0:00,173.843621,OK
1/23/2018 1:00,171.720282,OK
1/23/2018 2:00,172.212358,OK
1/23/2018 3:00,174.239448,OK
1/23/2018 4:00,178.635902,OK
1/23/2018 5:00,184.770543,OK
1/23/2018 6:00,182.053555,OK
1/23/2018 7:00,189.347155,OK
1/23/2018 8:00,198.646863,OK
1/23/2018 9:00,209.137981,OK
1/23/2018 10:00,205.610892,OK
1/23/2018 11:00,205.063345,OK
1/23/2018 12:00,207.623464,OK
1/23/2018 13:00,207.251115,OK
1/23/2018 14:00,208.222835,OK
1/23/2018 15:00,211.273963,OK
1/23/2018 16:00,205.439271,OK
1/23/2018 17:00,208.583835,OK
1/23/2018 18:00,205.917499,OK
1/23/2018 19:00,216.859294,OK
1/23/2018 20:00,208.805686,OK
1/23/2018 21:00,208.929927,OK
1/23/2018 22:00,206.904021,OK
1/23/2018 23:00,204.756647,OK
1/24/2018 0:00,205.120545,OK
1/24/2018 1:00,196.907123,OK
1/24/2018 2:00,195.367229,OK
1/24/2018 3:00,196.639237,OK
1/24/2018 4:00,198.653171,OK
1/24/2018 5:00,198.071593,OK
1/24/2018 6:00,208.462636,OK
1/24/2018 7:00,215.147323,OK
1/24/2018 8:00,223.496818,OK
1/24/2018 9:00,224.109722,OK
1/24/2018 10:00,227.177773,OK
1/24/2018 11:00,223.345084,OK
1/24/2018 12:00,224.732885,OK
1/24/2018 13:00,221.733005,OK
1/24/2018 14:00,220.752045,OK
1/24/2018 15:00,214.666804,OK
1/24/2018 16:00,210.857286,OK
1/24/2018 17:00,212.088167,OK
1/24/2018 18:00,209.701902,OK
1/24/2018 19:00,209.333304,OK
1/24/2018 20:00,209.806324,OK
1/24/2018 21:00,210.825628,OK
1/24/2018 22:00,210.393925,OK
1/24/2018 23:00,205.904019,OK
1/25/2018 0:00,202.557203,OK
1/25/2018 1:00,198.240959,OK
1/25/2018 2:00,192.716974,OK
1/25/2018 3:00,193.947941,OK
1/25/2018 4:00,199.475972,OK
1/25/2018 5:00,195.721482,OK
1/25/2018 6:00,202.146841,OK
1/25/2018 7:00,216.583927,OK
1/25/2018 8:00,223.651794,OK
1/25/2018 9:00,211.201242,OK
1/25/2018 10:00,193.284992,OK
1/25/2018 11:00,182.055863,OK
1/25/2018 12:00,182.147134,OK
1/25/2018 13:00,176.511943,OK
1/25/2018 14:00,175.551384,OK
1/25/2018 15:00,172.236616,OK
1/25/2018 16:00,167.497237,OK
1/25/2018 17:00,177.698964,OK
1/25/2018 18:00,180.448574,OK
1/25/2018 19:00,183.103702,OK
1/25/2018 20:00,183.012815,OK
1/25/2018 21:00,179.127826,OK
1/25/2018 22:00,181.014836,OK
1/25/2018 23:00,178.281842,OK
1/26/2018 0:00,176.55154,OK
1/26/2018 1:00,169.847783,OK
1/26/2018 2:00,177.526512,OK
1/26/2018 3:00,178.331737,OK
1/26/2018 4:00,180.498254,OK
1/26/2018 5:00,185.238432,OK
1/26/2018 6:00,190.018101,OK
1/26/2018 7:00,199.780488,OK
1/26/2018 8:00,208.22161,OK
1/26/2018 9:00,199.941668,OK
1/26/2018 10:00,194.787583,OK
1/26/2018 11:00,178.325443,OK
1/26/2018 12:00,169.750854,OK
1/26/2018 13:00,155.84905,OK
1/26/2018 14:00,154.356298,OK
1/26/2018 15:00,164.488666,OK
1/26/2018 16:00,163.021721,OK
1/26/2018 17:00,164.617256,OK
1/26/2018 18:00,169.036579,OK
1/26/2018 19:00,169.392911,OK
1/26/2018 20:00,166.643035,OK
1/26/2018 21:00,163.614521,OK
1/26/2018 22:00,160.734193,OK
1/26/2018 23:00,158.253368,OK
1/27/2018 0:00,158.139718,OK
1/27/2018 1:00,154.136782,OK
1/27/2018 2:00,154.66873,OK
1/27/2018 3:00,152.656893,OK
1/27/2018 4:00,152.415601,OK
1/27/2018 5:00,152.028774,OK
1/27/2018 6:00,152.533477,OK
1/27/2018 7:00,160.63367,OK
1/27/2018 8:00,156.127498,OK
1/27/2018 9:00,156.854999,OK
1/27/2018 10:00,147.773215,OK
1/27/2018 11:00,161.823477,OK
1/27/2018 12:00,158.948183,OK
1/27/2018 13:00,157.425393,OK
1/27/2018 14:00,155.80502,OK
1/27/2018 15:00,148.490568,OK
1/27/2018 16:00,151.560872,OK
1/27/2018 17:00,157.233862,OK
1/27/2018 18:00,166.886637,OK
1/27/2018 19:00,167.845124,OK
1/27/2018 20:00,175.646739,OK
1/27/2018 21:00,170.77268,OK
1/27/2018 22:00,174.630988,OK
1/27/2018 23:00,173.33851,OK
1/28/2018 0:00,170.392372,OK
1/28/2018 1:00,167.284307,OK
1/28/2018 2:00,165.319512,OK
1/28/2018 3:00,162.701782,OK
1/28/2018 4:00,164.223544,OK
1/28/2018 5:00,166.019233,OK
1/28/2018 6:00,168.298954,OK
1/28/2018 7:00,181.916634,OK
1/28/2018 8:00,178.595226,OK
1/28/2018 9:00,171.507291,OK
1/28/2018 10:00,161.437433,OK
1/28/2018 11:00,160.354491,OK
1/28/2018 12:00,158.748867,OK
1/28/2018 13:00,155.493061,OK
1/28/2018 14:00,153.570179,OK
1/28/2018 15:00,150.640893,OK
1/28/2018 16:00,152.082923,OK
1/28/2018 17:00,158.869027,OK
1/28/2018 18:00,166.170173,OK
1/28/2018 19:00,176.314215,OK
1/28/2018 20:00,177.263602,OK
1/28/2018 21:00,183.378296,OK
1/28/2018 22:00,184.933663,OK
1/28/2018 23:00,187.949574,OK
1/29/2018 0:00,190.405776,OK
1/29/2018 1:00,183.856612,OK
1/29/2018 2:00,184.828214,OK
1/29/2018 3:00,180.35624,OK
1/29/2018 4:00,179.85658,OK
1/29/2018 5:00,183.817154,OK
1/29/2018 6:00,189.335063,OK
1/29/2018 7:00,209.87881,OK
1/29/2018 8:00,211.674556,OK
1/29/2018 9:00,220.807766,OK
1/29/2018 10:00,218.724885,OK
1/29/2018 11:00,208.168557,OK
1/29/2018 12:00,211.264396,OK
1/29/2018 13:00,206.388517,OK
1/29/2018 14:00,212.179631,OK
1/29/2018 15:00,215.284456,OK
1/29/2018 16:00,219.171941,OK
1/29/2018 17:00,215.846682,OK
1/29/2018 18:00,215.343369,OK
1/29/2018 19:00,213.590712,OK
1/29/2018 20:00,212.648661,OK
1/29/2018 21:00,215.339984,OK
1/29/2018 22:00,214.451559,OK
1/29/2018 23:00,215.348443,OK
1/30/2018 0:00,211.695655,OK
1/30/2018 1:00,212.337066,OK
1/30/2018 2:00,212.842801,OK
1/30/2018 3:00,214.660928,OK
1/30/2018 4:00,211.440915,OK
1/30/2018 5:00,215.386045,OK
1/30/2018 6:00,225.561105,OK
1/30/2018 7:00,237.675626,OK
1/30/2018 8:00,240.208801,OK
1/30/2018 9:00,221.927964,OK
1/30/2018 10:00,211.552067,OK
1/30/2018 11:00,207.82391,OK
1/30/2018 12:00,202.50658,OK
1/30/2018 13:00,195.829154,OK
1/30/2018 14:00,194.331892,OK
1/30/2018 15:00,186.467569,OK
1/30/2018 16:00,187.533525,OK
1/30/2018 17:00,199.304097,OK
1/30/2018 18:00,199.919707,OK
1/30/2018 19:00,199.006621,OK
1/30/2018 20:00,194.533332,OK
1/30/2018 21:00,198.398131,OK
1/30/2018 22:00,197.042351,OK
1/30/2018 23:00,192.20736,OK
1/31/2018 0:00,190.489958,OK
1/31/2018 1:00,185.204378,OK
1/31/2018 2:00,182.325575,OK
1/31/2018 3:00,184.614343,OK
1/31/2018 4:00,184.312149,OK
1/31/2018 5:00,182.803684,OK
1/31/2018 6:00,187.04137,OK
1/31/2018 7:00,198.614929,OK
1/31/2018 8:00,208.184176,OK
1/31/2018 9:00,198.204146,OK
1/31/2018 10:00,189.860768,OK
1/31/2018 11:00,187.910132,OK
1/31/2018 12:00,174.28826,OK
1/31/2018 13:00,166.25096,OK
1/31/2018 14:00,173.167169,OK
1/31/2018 15:00,163.272778,OK
1/31/2018 16:00,159.950341,OK
1/31/2018 17:00,164.623289,OK
1/31/2018 18:00,166.46827,OK
1/31/2018 19:00,162.090315,OK
1/31/2018 20:00,164.021507,OK
1/31/2018 21:00,164.584829,OK
1/31/2018 22:00,164.416402,OK
1/31/2018 23:00,163.539915,OK
2/1/2018 0:00,163.367212,OK
2/1/2018 1:00,157.97247,OK
2/1/2018 2:00,159.014258,OK
2/1/2018 3:00,160.140047,OK
2/1/2018 4:00,156.978749,OK
2/1/2018 5:00,163.035683,OK
2/1/2018 6:00,173.692679,OK
2/1/2018 7:00,180.188244,OK
2/1/2018 8:00,190.140983,OK
2/1/2018 9:00,221.589791,OK
2/1/2018 10:00,217.951444,OK
2/1/2018 11:00,217.541297,OK
2/1/2018 12:00,217.107104,OK
2/1/2018 13:00,220.729341,OK
2/1/2018 14:00,221.099412,OK
2/1/2018 15:00,217.991172,OK
2/1/2018 16:00,216.149311,OK
2/1/2018 17:00,223.330551,OK
2/1/2018 18:00,236.240341,OK
2/1/2018 19:00,239.061189,OK
2/1/2018 20:00,241.305641,OK
2/1/2018 21:00,245.020009,OK
2/1/2018 22:00,243.85713,OK
2/1/2018 23:00,241.47305,OK
2/2/2018 0:00,245.941589,OK
2/2/2018 1:00,242.86861,OK
2/2/2018 2:00,240.471436,OK
2/2/2018 3:00,241.868776,OK
2/2/2018 4:00,244.727817,OK
2/2/2018 5:00,248.947379,OK
2/2/2018 6:00,254.818418,OK
2/2/2018 7:00,279.441171,OK
2/2/2018 8:00,280.381751,OK
2/2/2018 9:00,256.745555,OK
2/2/2018 10:00,261.038039,OK
2/2/2018 11:00,246.824265,OK
2/2/2018 12:00,248.532095,OK
2/2/2018 13:00,231.145893,OK
2/2/2018 14:00,226.582551,OK
2/2/2018 15:00,212.215618,OK
2/2/2018 16:00,226.250075,OK
2/2/2018 17:00,226.725542,OK
2/2/2018 18:00,233.988413,OK
2/2/2018 19:00,227.641215,OK
2/2/2018 20:00,224.354186,OK
2/2/2018 21:00,220.303709,OK
2/2/2018 22:00,218.555286,OK
2/2/2018 23:00,215.508506,OK
2/3/2018 0:00,212.587044,OK
2/3/2018 1:00,207.93712,OK
2/3/2018 2:00,203.201887,OK
2/3/2018 3:00,204.885775,OK
2/3/2018 4:00,203.439303,OK
2/3/2018 5:00,204.856926,OK
2/3/2018 6:00,203.210901,OK
2/3/2018 7:00,209.949573,OK
2/3/2018 8:00,209.838755,OK
2/3/2018 9:00,204.787484,OK
2/3/2018 10:00,201.706045,OK
2/3/2018 11:00,190.915998,OK
2/3/2018 12:00,187.506945,OK
2/3/2018 13:00,182.057661,OK
2/3/2018 14:00,181.952357,OK
2/3/2018 15:00,184.467047,OK
2/3/2018 16:00,189.266871,OK
2/3/2018 17:00,189.83447,OK
2/3/2018 18:00,192.338199,OK
2/3/2018 19:00,184.402307,OK
2/3/2018 20:00,180.63896,OK
2/3/2018 21:00,181.238055,OK
2/3/2018 22:00,178.431694,OK
2/3/2018 23:00,174.788288,OK
2/4/2018 0:00,167.769567,OK
2/4/2018 1:00,167.364146,OK
2/4/2018 2:00,165.169668,OK
2/4/2018 3:00,160.395532,OK
2/4/2018 4:00,174.530439,OK
2/4/2018 5:00,163.848987,OK
2/4/2018 6:00,168.971985,OK
2/4/2018 7:00,171.627551,OK
2/4/2018 8:00,172.547306,OK
2/4/2018 9:00,173.070996,OK
2/4/2018 10:00,206.278394,OK
2/4/2018 11:00,221.958568,OK
2/4/2018 12:00,220.236363,OK
2/4/2018 13:00,230.364102,OK
2/4/2018 14:00,235.049624,OK
2/4/2018 15:00,240.597943,OK
2/4/2018 16:00,242.423052,OK
2/4/2018 17:00,244.665363,OK
2/4/2018 18:00,244.375347,OK
2/4/2018 19:00,245.608585,OK
2/4/2018 20:00,246.600381,OK
2/4/2018 21:00,247.256188,OK
2/4/2018 22:00,249.387084,OK
2/4/2018 23:00,251.915146,OK
2/5/2018 0:00,253.79461,OK
2/5/2018 1:00,256.943171,OK
2/5/2018 2:00,254.864794,OK
2/5/2018 3:00,258.741917,OK
2/5/2018 4:00,258.542756,OK
2/5/2018 5:00,264.285484,OK
2/5/2018 6:00,270.373003,OK
2/5/2018 7:00,290.388054,OK
2/5/2018 8:00,292.974896,OK
2/5/2018 9:00,270.84982,OK
2/5/2018 10:00,262.30277,OK
2/5/2018 11:00,245.81342,OK
2/5/2018 12:00,241.90132,OK
2/5/2018 13:00,245.00879,OK
2/5/2018 14:00,240.92973,OK
2/5/2018 15:00,241.42028,OK
2/5/2018 16:00,235.05577,OK
2/5/2018 17:00,236.7394,OK
2/5/2018 18:00,235.50081,OK
2/5/2018 19:00,233.81022,OK
2/5/2018 20:00,231.9054,OK
2/5/2018 21:00,224.90951,OK
2/5/2018 22:00,226.98668,OK
2/5/2018 23:00,232.76185,OK
2/6/2018 0:00,230.73259,OK
2/6/2018 1:00,222.6026,OK
2/6/2018 2:00,231.15895,OK
2/6/2018 3:00,233.98654,OK
2/6/2018 4:00,242.26099,OK
2/6/2018 5:00,245.92076,OK
2/6/2018 6:00,249.15541,OK
2/6/2018 7:00,268.59573,OK
2/6/2018 8:00,281.46187,OK
2/6/2018 9:00,269.69414,OK
2/6/2018 10:00,245.29565,OK
2/6/2018 11:00,241.70013,OK
2/6/2018 12:00,232.4963,OK
2/6/2018 13:00,236.09848,OK
2/6/2018 14:00,240.06315,OK
2/6/2018 15:00,243.41282,OK
2/6/2018 16:00,243.30326,OK
2/6/2018 17:00,247.51909,OK
2/6/2018 18:00,247.65542,OK
2/6/2018 19:00,250.07318,OK
2/6/2018 20:00,253.24914,OK
2/6/2018 21:00,249.29676,OK
2/6/2018 22:00,242.15233,OK
2/6/2018 23:00,237.92698,OK
2/7/2018 0:00,235.91766,OK
2/7/2018 1:00,233.80971,OK
2/7/2018 2:00,230.6958,OK
2/7/2018 3:00,225.62879,OK
2/7/2018 4:00,232.56641,OK
2/7/2018 5:00,225.18297,OK
2/7/2018 6:00,246.12238,OK
2/7/2018 7:00,251.7564,OK
2/7/2018 8:00,261.14636,OK
2/7/2018 9:00,259.00489,OK
2/7/2018 10:00,232.0202,OK
2/7/2018 11:00,219.20034,OK
2/7/2018 12:00,226.81951,OK
2/7/2018 13:00,225.93719,OK
2/7/2018 14:00,220.1273,OK
2/7/2018 15:00,212.6264,OK
2/7/2018 16:00,223.25527,OK
2/7/2018 17:00,228.4674,OK
2/7/2018 18:00,240.67761,OK
2/7/2018 19:00,242.62309,OK
2/7/2018 20:00,239.77495,OK
2/7/2018 21:00,245.80689,OK
2/7/2018 22:00,234.76643,OK
2/7/2018 23:00,247.28779,OK
2/8/2018 0:00,234.75268,OK
2/8/2018 1:00,236.33705,OK
2/8/2018 2:00,232.35571,OK
2/8/2018 3:00,226.0433,OK
2/8/2018 4:00,226.29312,OK
2/8/2018 5:00,229.96484,OK
2/8/2018 6:00,238.54961,OK
2/8/2018 7:00,256.04541,OK
2/8/2018 8:00,261.47791,OK
2/8/2018 9:00,254.03682,OK
2/8/2018 10:00,236.70005,OK
2/8/2018 11:00,233.58978,OK
2/8/2018 12:00,224.2531,OK
2/8/2018 13:00,212.6951,OK
2/8/2018 14:00,212.78566,OK
2/8/2018 15:00,202.49962,OK
2/8/2018 16:00,203.37941,OK
2/8/2018 17:00,206.16518,OK
2/8/2018 18:00,207.65415,OK
2/8/2018 19:00,205.37459,OK
2/8/2018 20:00,200.56859,OK
2/8/2018 21:00,196.38981,OK
2/8/2018 22:00,193.72245,OK
2/8/2018 23:00,193.24881,OK
2/9/2018 0:00,192.87607,OK
2/9/2018 1:00,184.51992,OK
2/9/2018 2:00,178.08561,OK
2/9/2018 3:00,176.89599,OK
2/9/2018 4:00,173.69086,OK
2/9/2018 5:00,181.52817,OK
2/9/2018 6:00,185.68779,OK
2/9/2018 7:00,186.95262,OK
2/9/2018 8:00,196.34566,OK
2/9/2018 9:00,191.07696,OK
2/9/2018 10:00,184.20313,OK
2/9/2018 11:00,169.20137,OK
2/9/2018 12:00,157.18952,OK
2/9/2018 13:00,166.04409,OK
2/9/2018 14:00,174.44429,OK
2/9/2018 15:00,182.03364,OK
2/9/2018 16:00,188.31437,OK
2/9/2018 17:00,190.06678,OK
2/9/2018 18:00,192.98429,OK
2/9/2018 19:00,192.74481,OK
2/9/2018 20:00,189.41301,OK
2/9/2018 21:00,194.22828,OK
2/9/2018 22:00,193.71462,OK
2/9/2018 23:00,189.36952,OK
2/10/2018 0:00,187.62782,OK
2/10/2018 1:00,183.21164,OK
2/10/2018 2:00,185.22812,OK
2/10/2018 3:00,184.88688,OK
2/10/2018 4:00,191.99354,OK
2/10/2018 5:00,192.52225,OK
2/10/2018 6:00,194.56246,OK
2/10/2018 7:00,201.9555,OK
2/10/2018 8:00,210.84605,OK
2/10/2018 9:00,218.69229,OK
2/10/2018 10:00,218.37138,OK
2/10/2018 11:00,217.12247,OK
2/10/2018 12:00,218.72718,OK
2/10/2018 13:00,221.71027,OK
2/10/2018 14:00,219.9464,OK
2/10/2018 15:00,217.57255,OK
2/10/2018 16:00,219.85374,OK
2/10/2018 17:00,221.50722,OK
2/10/2018 18:00,218.50417,OK
2/10/2018 19:00,215.8564,OK
2/10/2018 20:00,210.47974,OK
2/10/2018 21:00,206.45249,OK
2/10/2018 22:00,209.75579,OK
2/10/2018 23:00,202.3933,OK
2/11/2018 0:00,202.07645,OK
2/11/2018 1:00,199.70968,OK
2/11/2018 2:00,198.59959,OK
2/11/2018 3:00,200.21921,OK
2/11/2018 4:00,200.58676,OK
2/11/2018 5:00,198.05254,OK
2/11/2018 6:00,195.41269,OK
2/11/2018 7:00,208.19833,OK
2/11/2018 8:00,223.46088,OK
2/11/2018 9:00,230.75678,OK
2/11/2018 10:00,228.27753,OK
2/11/2018 11:00,209.97604,OK
2/11/2018 12:00,215.20265,OK
2/11/2018 13:00,219.71591,OK
2/11/2018 14:00,214.31487,OK
2/11/2018 15:00,211.38525,OK
2/11/2018 16:00,216.71384,OK
2/11/2018 17:00,213.35603,OK
2/11/2018 18:00,222.38247,OK
2/11/2018 19:00,220.99822,OK
2/11/2018 20:00,219.64276,OK
2/11/2018 21:00,221.54742,OK
2/11/2018 22:00,233.44904,OK
2/11/2018 23:00,229.55313,OK
2/12/2018 0:00,229.668,OK
2/12/2018 1:00,226.54421,OK
2/12/2018 2:00,227.63728,OK
2/12/2018 3:00,227.54581,OK
2/12/2018 4:00,225.72692,OK
2/12/2018 5:00,233.41835,OK
2/12/2018 6:00,241.55699,OK
2/12/2018 7:00,264.88666,OK
2/12/2018 8:00,265.79561,OK
2/12/2018 9:00,252.29507,OK
2/12/2018 10:00,231.87018,OK
2/12/2018 11:00,219.5052,OK
2/12/2018 12:00,215.59349,OK
2/12/2018 13:00,214.70542,OK
2/12/2018 14:00,206.84428,OK
2/12/2018 15:00,198.83129,OK
2/12/2018 16:00,200.93133,OK
2/12/2018 17:00,201.15259,OK
2/12/2018 18:00,212.56905,OK
2/12/2018 19:00,215.56003,OK
2/12/2018 20:00,221.72388,OK
2/12/2018 21:00,217.0307,OK
2/12/2018 22:00,219.12979,OK
2/12/2018 23:00,217.72684,OK
2/13/2018 0:00,215.21209,OK
2/13/2018 1:00,215.74722,OK
2/13/2018 2:00,214.18757,OK
2/13/2018 3:00,214.62191,OK
2/13/2018 4:00,213.6907,OK
2/13/2018 5:00,212.56292,OK
2/13/2018 6:00,221.93427,OK
2/13/2018 7:00,234.39288,OK
2/13/2018 8:00,219.66819,OK
2/13/2018 9:00,227.003,OK
2/13/2018 10:00,194.55167,OK
2/13/2018 11:00,185.47915,OK
2/13/2018 12:00,186.53735,OK
2/13/2018 13:00,180.90984,OK
2/13/2018 14:00,177.71904,OK
2/13/2018 15:00,168.00191,OK
2/13/2018 16:00,173.10164,OK
2/13/2018 17:00,176.5579,OK
2/13/2018 18:00,178.54005,OK
2/13/2018 19:00,180.04637,OK
2/13/2018 20:00,180.67119,OK
2/13/2018 21:00,180.60488,OK
2/13/2018 22:00,177.62068,OK
2/13/2018 23:00,178.49472,OK
2/14/2018 0:00,176.68554,OK
2/14/2018 1:00,170.56526,OK
2/14/2018 2:00,168.46396,OK
2/14/2018 3:00,171.58782,OK
2/14/2018 4:00,166.47422,OK
2/14/2018 5:00,166.61769,OK
2/14/2018 6:00,166.54098,OK
2/14/2018 7:00,170.88617,OK
2/14/2018 8:00,182.43892,OK
2/14/2018 9:00,179.67614,OK
2/14/2018 10:00,175.64471,OK
2/14/2018 11:00,168.86714,OK
2/14/2018 12:00,157.25873,OK
2/14/2018 13:00,159.15865,OK
2/14/2018 14:00,156.96414,OK
2/14/2018 15:00,151.78486,OK
2/14/2018 16:00,152.29623,OK
2/14/2018 17:00,149.176585,OK
2/14/2018 18:00,153.34515,OK
2/14/2018 19:00,150.334844,OK
2/14/2018 20:00,148.631614,OK
2/14/2018 21:00,135.275196,OK
2/14/2018 22:00,133.346385,OK
2/14/2018 23:00,132.681802,OK
2/15/2018 0:00,132.394122,OK
2/15/2018 1:00,128.311969,OK
2/15/2018 2:00,121.995315,OK
2/15/2018 3:00,121.350023,OK
2/15/2018 4:00,121.42422,OK
2/15/2018 5:00,124.664051,OK
2/15/2018 6:00,124.795443,OK
2/15/2018 7:00,133.161472,OK
2/15/2018 8:00,138.149222,OK
2/15/2018 9:00,122.285668,OK
2/15/2018 10:00,128.749928,OK
2/15/2018 11:00,127.710252,OK
2/15/2018 12:00,124.728398,OK
2/15/2018 13:00,120.078615,OK
2/15/2018 14:00,126.596529,OK
2/15/2018 15:00,120.848506,OK
2/15/2018 16:00,120.05057,OK
2/15/2018 17:00,118.314576,OK
2/15/2018 18:00,121.554805,OK
2/15/2018 19:00,135.717366,OK
2/15/2018 20:00,153.300038,OK
2/15/2018 21:00,139.72191,OK
2/15/2018 22:00,143.225468,OK
2/15/2018 23:00,143.664024,OK
2/16/2018 0:00,147.491712,OK
2/16/2018 1:00,149.01606,OK
2/16/2018 2:00,149.206643,OK
2/16/2018 3:00,147.021937,OK
2/16/2018 4:00,148.17483,OK
2/16/2018 5:00,149.035405,OK
2/16/2018 6:00,164.277686,OK
2/16/2018 7:00,170.799523,OK
2/16/2018 8:00,178.818583,OK
2/16/2018 9:00,184.591432,OK
2/16/2018 10:00,184.93192,OK
2/16/2018 11:00,178.792474,OK
2/16/2018 12:00,177.315647,OK
2/16/2018 13:00,177.878618,OK
2/16/2018 14:00,170.803909,OK
2/16/2018 15:00,170.940109,OK
2/16/2018 16:00,173.553237,OK
2/16/2018 17:00,178.337302,OK
2/16/2018 18:00,188.286127,OK
2/16/2018 19:00,183.178987,OK
2/16/2018 20:00,185.941504,OK
2/16/2018 21:00,190.92178,OK
2/16/2018 22:00,189.32129,OK
2/16/2018 23:00,190.197235,OK
2/17/2018 0:00,185.331267,OK
2/17/2018 1:00,185.823481,OK
2/17/2018 2:00,185.869486,OK
2/17/2018 3:00,188.64821,OK
2/17/2018 4:00,186.679486,OK
2/17/2018 5:00,185.440731,OK
2/17/2018 6:00,182.856262,OK
2/17/2018 7:00,184.06719,OK
2/17/2018 8:00,187.394294,OK
2/17/2018 9:00,185.940704,OK
2/17/2018 10:00,183.543724,OK
2/17/2018 11:00,186.397547,OK
2/17/2018 12:00,185.155437,OK
2/17/2018 13:00,187.760078,OK
2/17/2018 14:00,185.548377,OK
2/17/2018 15:00,192.027783,OK
2/17/2018 16:00,189.511241,OK
2/17/2018 17:00,189.349333,OK
2/17/2018 18:00,185.233332,OK
2/17/2018 19:00,182.020316,OK
2/17/2018 20:00,186.080404,OK
2/17/2018 21:00,185.62975,OK
2/17/2018 22:00,188.915876,OK
2/17/2018 23:00,185.258186,OK
2/18/2018 0:00,188.348759,OK
2/18/2018 1:00,185.071365,OK
2/18/2018 2:00,184.548234,OK
2/18/2018 3:00,187.424165,OK
2/18/2018 4:00,182.522129,OK
2/18/2018 5:00,185.375689,OK
2/18/2018 6:00,204.90996,OK
2/18/2018 7:00,198.594156,OK
2/18/2018 8:00,197.59479,OK
2/18/2018 9:00,189.945048,OK
2/18/2018 10:00,180.456375,OK
2/18/2018 11:00,171.211408,OK
2/18/2018 12:00,163.565992,OK
2/18/2018 13:00,163.958068,OK
2/18/2018 14:00,158.0614,OK
2/18/2018 15:00,151.097035,OK
2/18/2018 16:00,154.45835,OK
2/18/2018 17:00,159.11111,OK
2/18/2018 18:00,164.129054,OK
2/18/2018 19:00,167.811573,OK
2/18/2018 20:00,165.928301,OK
2/18/2018 21:00,166.541265,OK
2/18/2018 22:00,159.593622,OK
2/18/2018 23:00,154.783219,OK
2/19/2018 0:00,152.992547,OK
2/19/2018 1:00,151.752796,OK
2/19/2018 2:00,138.750054,OK
2/19/2018 3:00,138.217539,OK
2/19/2018 4:00,143.040596,OK
2/19/2018 5:00,138.451083,OK
2/19/2018 6:00,143.999284,OK
2/19/2018 7:00,145.650605,OK
2/19/2018 8:00,147.310462,OK
2/19/2018 9:00,150.111674,OK
2/19/2018 10:00,135.39474,OK
2/19/2018 11:00,129.798339,OK
2/19/2018 12:00,130.194551,OK
2/19/2018 13:00,129.791892,OK
2/19/2018 14:00,127.136702,OK
2/19/2018 15:00,126.058775,OK
2/19/2018 16:00,127.200683,OK
2/19/2018 17:00,125.865752,OK
2/19/2018 18:00,127.49702,OK
2/19/2018 19:00,127.126965,OK
2/19/2018 20:00,119.593831,OK
2/19/2018 21:00,120.965425,OK
2/19/2018 22:00,116.911549,OK
2/19/2018 23:00,109.158283,OK
2/20/2018 0:00,113.734003,OK
2/20/2018 1:00,107.828536,OK
2/20/2018 2:00,106.253384,OK
2/20/2018 3:00,106.573222,OK
2/20/2018 4:00,106.003041,OK
2/20/2018 5:00,103.463099,OK
2/20/2018 6:00,105.768155,OK
2/20/2018 7:00,113.352847,OK
2/20/2018 8:00,118.202148,OK
2/20/2018 9:00,121.518204,OK
2/20/2018 10:00,120.241388,OK
2/20/2018 11:00,115.892163,OK
2/20/2018 12:00,120.755435,OK
2/20/2018 13:00,118.60233,OK
2/20/2018 14:00,119.627454,OK
2/20/2018 15:00,120.379876,OK
2/20/2018 16:00,131.461675,OK
2/20/2018 17:00,127.312321,OK
2/20/2018 18:00,128.271275,OK
2/20/2018 19:00,160.955158,OK
2/20/2018 20:00,164.697497,OK
2/20/2018 21:00,165.096964,OK
2/20/2018 22:00,164.858596,OK
2/20/2018 23:00,165.246452,OK
2/21/2018 0:00,176.203771,OK
2/21/2018 1:00,167.798006,OK
2/21/2018 2:00,168.268773,OK
2/21/2018 3:00,170.010924,OK
2/21/2018 4:00,167.910096,OK
2/21/2018 5:00,169.786966,OK
2/21/2018 6:00,177.437251,OK
2/21/2018 7:00,187.403077,OK
2/21/2018 8:00,199.019402,OK
2/21/2018 9:00,202.674279,OK
2/21/2018 10:00,200.858488,OK
2/21/2018 11:00,192.474179,OK
2/21/2018 12:00,198.07031,OK
2/21/2018 13:00,194.784517,OK
2/21/2018 14:00,195.615834,OK
2/21/2018 15:00,192.520435,OK
2/21/2018 16:00,192.237382,OK
2/21/2018 17:00,192.658187,OK
2/21/2018 18:00,196.397192,OK
2/21/2018 19:00,199.015926,OK
2/21/2018 20:00,191.82997,OK
2/21/2018 21:00,190.565303,OK
2/21/2018 22:00,193.112622,OK
2/21/2018 23:00,189.433045,OK
2/22/2018 0:00,185.963731,OK
2/22/2018 1:00,176.150989,OK
2/22/2018 2:00,176.597353,OK
2/22/2018 3:00,172.756816,OK
2/22/2018 4:00,176.892911,OK
2/22/2018 5:00,180.042087,OK
2/22/2018 6:00,179.392373,OK
2/22/2018 7:00,187.590026,OK
2/22/2018 8:00,190.964039,OK
2/22/2018 9:00,188.460421,OK
2/22/2018 10:00,185.972213,OK
2/22/2018 11:00,176.482061,OK
2/22/2018 12:00,170.587003,OK
2/22/2018 13:00,164.055065,OK
2/22/2018 14:00,167.798275,OK
2/22/2018 15:00,163.208564,OK
2/22/2018 16:00,164.454847,OK
2/22/2018 17:00,162.85232,OK
2/22/2018 18:00,162.984646,OK
2/22/2018 19:00,162.475122,OK
2/22/2018 20:00,163.038788,OK
2/22/2018 21:00,157.664681,OK
2/22/2018 22:00,157.484313,OK
2/22/2018 23:00,156.511028,OK
2/23/2018 0:00,141.593941,OK
2/23/2018 1:00,143.849439,OK
2/23/2018 2:00,141.282623,OK
2/23/2018 3:00,135.488279,OK
2/23/2018 4:00,138.821163,OK
2/23/2018 5:00,138.963398,OK
2/23/2018 6:00,139.127562,OK
2/23/2018 7:00,146.907677,OK
2/23/2018 8:00,155.250474,OK
2/23/2018 9:00,160.518565,OK
2/23/2018 10:00,156.571503,OK
2/23/2018 11:00,159.744864,OK
2/23/2018 12:00,160.860812,OK
2/23/2018 13:00,161.388495,OK
2/23/2018 14:00,161.570047,OK
2/23/2018 15:00,158.444761,OK
2/23/2018 16:00,162.66589,OK
2/23/2018 17:00,162.984306,OK
2/23/2018 18:00,168.801275,OK
2/23/2018 19:00,166.946603,OK
2/23/2018 20:00,169.04219,OK
2/23/2018 21:00,164.747958,OK
2/23/2018 22:00,163.200862,OK
2/23/2018 23:00,161.513755,OK
2/24/2018 0:00,159.731469,OK
2/24/2018 1:00,156.19099,OK
2/24/2018 2:00,155.524037,OK
2/24/2018 3:00,158.354561,OK
2/24/2018 4:00,156.817387,OK
2/24/2018 5:00,156.870266,OK
2/24/2018 6:00,155.09611,OK
2/24/2018 7:00,177.879834,OK
2/24/2018 8:00,162.108367,OK
2/24/2018 9:00,166.283647,OK
2/24/2018 10:00,166.313085,OK
2/24/2018 11:00,166.096967,OK
2/24/2018 12:00,168.14832,OK
2/24/2018 13:00,156.258157,OK
2/24/2018 14:00,143.854811,OK
2/24/2018 15:00,155.010365,OK
2/24/2018 16:00,151.895453,OK
2/24/2018 17:00,139.317363,OK
2/24/2018 18:00,146.99056,OK
2/24/2018 19:00,147.47717,OK
2/24/2018 20:00,141.055138,OK
2/24/2018 21:00,136.627879,OK
2/24/2018 22:00,129.171118,OK
2/24/2018 23:00,122.546932,OK
2/25/2018 0:00,149.824472,OK
2/25/2018 1:00,153.437892,OK
2/25/2018 2:00,156.212122,OK
2/25/2018 3:00,164.139736,OK
2/25/2018 4:00,168.056727,OK
2/25/2018 5:00,169.162532,OK
2/25/2018 6:00,167.620405,OK
2/25/2018 7:00,173.901632,OK
2/25/2018 8:00,169.407908,OK
2/25/2018 9:00,174.385887,OK
2/25/2018 10:00,169.915957,OK
2/25/2018 11:00,167.780757,OK
2/25/2018 12:00,163.032068,OK
2/25/2018 13:00,159.610571,OK
2/25/2018 14:00,154.694025,OK
2/25/2018 15:00,151.470921,OK
2/25/2018 16:00,148.173444,OK
2/25/2018 17:00,152.477617,OK
2/25/2018 18:00,159.416738,OK
2/25/2018 19:00,162.69926,OK
2/25/2018 20:00,163.807267,OK
2/25/2018 21:00,170.375603,OK
2/25/2018 22:00,166.804642,OK
2/25/2018 23:00,168.853753,OK
2/26/2018 0:00,170.496566,OK
2/26/2018 1:00,163.555808,OK
2/26/2018 2:00,163.921713,OK
2/26/2018 3:00,162.158416,OK
2/26/2018 4:00,160.824202,OK
2/26/2018 5:00,171.120417,OK
2/26/2018 6:00,175.217735,OK
2/26/2018 7:00,187.718171,OK
2/26/2018 8:00,174.870715,OK
2/26/2018 9:00,163.635629,OK
2/26/2018 10:00,153.61749,OK
2/26/2018 11:00,147.184439,OK
2/26/2018 12:00,143.927548,OK
2/26/2018 13:00,140.133884,OK
2/26/2018 14:00,136.858354,OK
2/26/2018 15:00,143.249786,OK
2/26/2018 16:00,136.828722,OK
2/26/2018 17:00,140.349001,OK
2/26/2018 18:00,150.701004,OK
2/26/2018 19:00,153.875653,OK
2/26/2018 20:00,157.607735,OK
2/26/2018 21:00,161.100581,OK
2/26/2018 22:00,159.703777,OK
2/26/2018 23:00,160.603086,OK
2/27/2018 0:00,159.518844,OK
2/27/2018 1:00,152.798781,OK
2/27/2018 2:00,156.759576,OK
2/27/2018 3:00,153.809445,OK
2/27/2018 4:00,155.565592,OK
2/27/2018 5:00,160.320074,OK
2/27/2018 6:00,162.887136,OK
2/27/2018 7:00,171.654717,OK
2/27/2018 8:00,168.330328,OK
2/27/2018 9:00,156.802466,OK
2/27/2018 10:00,138.175578,OK
2/27/2018 11:00,134.062034,OK
2/27/2018 12:00,131.225203,OK
2/27/2018 13:00,129.968418,OK
2/27/2018 14:00,127.123099,OK
2/27/2018 15:00,124.316205,OK
2/27/2018 16:00,124.799746,OK
2/27/2018 17:00,128.065712,OK
2/27/2018 18:00,137.063879,OK
2/27/2018 19:00,139.193706,OK
2/27/2018 20:00,139.423362,OK
2/27/2018 21:00,139.904597,OK
2/27/2018 22:00,138.619535,OK
2/27/2018 23:00,137.747985,OK
2/28/2018 0:00,135.885541,OK
2/28/2018 1:00,130.879149,OK
2/28/2018 2:00,129.185139,OK
2/28/2018 3:00,134.551793,OK
2/28/2018 4:00,133.394187,OK
2/28/2018 5:00,133.619586,OK
2/28/2018 6:00,133.56587,OK
2/28/2018 7:00,138.010755,OK
2/28/2018 8:00,143.713321,OK
2/28/2018 9:00,142.369549,OK
2/28/2018 10:00,137.985847,OK
2/28/2018 11:00,126.306904,OK
2/28/2018 12:00,129.815586,OK
2/28/2018 13:00,127.202057,OK
2/28/2018 14:00,130.919292,OK
2/28/2018 15:00,128.111628,OK
2/28/2018 16:00,133.489179,OK
2/28/2018 17:00,132.07617,OK
2/28/2018 18:00,134.868429,OK
2/28/2018 19:00,132.386632,OK
2/28/2018 20:00,130.342234,OK
2/28/2018 21:00,129.615021,OK
2/28/2018 22:00,129.50586,OK
2/28/2018 23:00,130.920063,OK
3/1/2018 0:00,128.606296,OK
3/1/2018 1:00,123.831937,OK
3/1/2018 2:00,132.552406,OK
3/1/2018 3:00,126.20475,OK
3/1/2018 4:00,128.259611,OK
3/1/2018 5:00,133.329183,OK
3/1/2018 6:00,133.876369,OK
3/1/2018 7:00,145.335792,OK
3/1/2018 8:00,157.301187,OK
3/1/2018 9:00,170.999717,OK
3/1/2018 10:00,168.227875,OK
3/1/2018 11:00,138.811984,OK
3/1/2018 12:00,163.808584,OK
3/1/2018 13:00,164.529234,OK
3/1/2018 14:00,164.268828,OK
3/1/2018 15:00,164.483298,OK
3/1/2018 16:00,165.350181,OK
3/1/2018 17:00,166.37568,OK
3/1/2018 18:00,165.67068,OK
3/1/2018 19:00,165.322387,OK
3/1/2018 20:00,165.492675,OK
3/1/2018 21:00,164.043347,OK
3/1/2018 22:00,162.524053,OK
3/1/2018 23:00,166.667601,OK
3/2/2018 0:00,165.166023,OK
3/2/2018 1:00,163.764443,OK
3/2/2018 2:00,163.263854,OK
3/2/2018 3:00,166.453262,OK
3/2/2018 4:00,164.881716,OK
3/2/2018 5:00,168.821017,OK
3/2/2018 6:00,178.241883,OK
3/2/2018 7:00,188.609756,OK
3/2/2018 8:00,183.416289,OK
3/2/2018 9:00,177.778568,OK
3/2/2018 10:00,169.775684,OK
3/2/2018 11:00,164.477782,OK
3/2/2018 12:00,152.400868,OK
3/2/2018 13:00,156.169542,OK
3/2/2018 14:00,147.902053,OK
3/2/2018 15:00,145.724301,OK
3/2/2018 16:00,144.650437,OK
3/2/2018 17:00,144.303457,OK
3/2/2018 18:00,155.011518,OK
3/2/2018 19:00,156.41613,OK
3/2/2018 20:00,159.984977,OK
3/2/2018 21:00,151.93116,OK
3/2/2018 22:00,160.186262,OK
3/2/2018 23:00,164.179458,OK
3/3/2018 0:00,164.345982,OK
3/3/2018 1:00,163.134743,OK
3/3/2018 2:00,163.159991,OK
3/3/2018 3:00,163.523825,OK
3/3/2018 4:00,165.88211,OK
3/3/2018 5:00,166.307665,OK
3/3/2018 6:00,166.226634,OK
3/3/2018 7:00,175.209331,OK
3/3/2018 8:00,166.474023,OK
3/3/2018 9:00,151.642204,OK
3/3/2018 10:00,153.965648,OK
3/3/2018 11:00,150.844342,OK
3/3/2018 12:00,143.864581,OK
3/3/2018 13:00,139.773864,OK
3/3/2018 14:00,139.724807,OK
3/3/2018 15:00,135.137582,OK
3/3/2018 16:00,133.212566,OK
3/3/2018 17:00,141.282262,OK
3/3/2018 18:00,145.929429,OK
3/3/2018 19:00,155.144525,OK
3/3/2018 20:00,152.660572,OK
3/3/2018 21:00,155.277382,OK
3/3/2018 22:00,156.913791,OK
3/3/2018 23:00,158.680162,OK
3/4/2018 0:00,161.959836,OK
3/4/2018 1:00,157.391083,OK
3/4/2018 2:00,158.341899,OK
3/4/2018 3:00,163.10721,OK
3/4/2018 4:00,164.378836,OK
3/4/2018 5:00,164.590366,OK
3/4/2018 6:00,167.421276,OK
3/4/2018 7:00,173.663936,OK
3/4/2018 8:00,165.144131,OK
3/4/2018 9:00,161.655494,OK
3/4/2018 10:00,152.197953,OK
3/4/2018 11:00,146.266601,OK
3/4/2018 12:00,147.690105,OK
3/4/2018 13:00,140.244303,OK
3/4/2018 14:00,134.427057,OK
3/4/2018 15:00,132.120291,OK
3/4/2018 16:00,129.30389,OK
3/4/2018 17:00,132.744036,OK
3/4/2018 18:00,146.637056,OK
3/4/2018 19:00,155.971037,OK
3/4/2018 20:00,156.302078,OK
3/4/2018 21:00,156.867516,OK
3/4/2018 22:00,164.453756,OK
3/4/2018 23:00,155.29397,OK
3/5/2018 0:00,155.54298,OK
3/5/2018 1:00,155.313284,OK
3/5/2018 2:00,158.128393,OK
3/5/2018 3:00,156.822769,OK
3/5/2018 4:00,157.819248,OK
3/5/2018 5:00,159.777857,OK
3/5/2018 6:00,166.14917,OK
3/5/2018 7:00,174.049022,OK
3/5/2018 8:00,181.953615,OK
3/5/2018 9:00,185.872278,OK
3/5/2018 10:00,178.040163,OK
3/5/2018 11:00,178.195313,OK
3/5/2018 12:00,174.866637,OK
3/5/2018 13:00,181.185354,OK
3/5/2018 14:00,177.033642,OK
3/5/2018 15:00,167.679094,OK
3/5/2018 16:00,166.296599,OK
3/5/2018 17:00,172.561645,OK
3/5/2018 18:00,172.937255,OK
3/5/2018 19:00,173.553263,OK
3/5/2018 20:00,166.857831,OK
3/5/2018 21:00,161.916985,OK
3/5/2018 22:00,167.381923,OK
3/5/2018 23:00,168.402609,OK
3/6/2018 0:00,172.334039,OK
3/6/2018 1:00,165.102038,OK
3/6/2018 2:00,167.004893,OK
3/6/2018 3:00,164.057017,OK
3/6/2018 4:00,168.697352,OK
3/6/2018 5:00,174.53993,OK
3/6/2018 6:00,181.895221,OK
3/6/2018 7:00,185.483796,OK
3/6/2018 8:00,176.948111,OK
3/6/2018 9:00,169.931554,OK
3/6/2018 10:00,155.804129,OK
3/6/2018 11:00,152.703194,OK
3/6/2018 12:00,165.289907,OK
3/6/2018 13:00,170.655525,OK
3/6/2018 14:00,167.227358,OK
3/6/2018 15:00,172.037635,OK
3/6/2018 16:00,173.362971,OK
3/6/2018 17:00,180.515138,OK
3/6/2018 18:00,186.459072,OK
3/6/2018 19:00,182.874957,OK
3/6/2018 20:00,183.407021,OK
3/6/2018 21:00,182.510016,OK
3/6/2018 22:00,184.089131,OK
3/6/2018 23:00,181.74906,OK
3/7/2018 0:00,177.698037,OK
3/7/2018 1:00,172.705887,OK
3/7/2018 2:00,175.068559,OK
3/7/2018 3:00,177.358881,OK
3/7/2018 4:00,177.092371,OK
3/7/2018 5:00,182.482329,OK
3/7/2018 6:00,189.18664,OK
3/7/2018 7:00,197.8527,OK
3/7/2018 8:00,199.723725,OK
3/7/2018 9:00,205.860045,OK
3/7/2018 10:00,198.868891,OK
3/7/2018 11:00,189.594827,OK
3/7/2018 12:00,187.766583,OK
3/7/2018 13:00,184.91938,OK
3/7/2018 14:00,177.699001,OK
3/7/2018 15:00,195.654817,OK
3/7/2018 16:00,187.6007,OK
3/7/2018 17:00,191.126519,OK
3/7/2018 18:00,191.721222,OK
3/7/2018 19:00,193.324107,OK
3/7/2018 20:00,191.737062,OK
3/7/2018 21:00,188.621249,OK
3/7/2018 22:00,192.936291,OK
3/7/2018 23:00,199.944264,OK
3/8/2018 0:00,199.229954,OK
3/8/2018 1:00,197.057048,OK
3/8/2018 2:00,196.394794,OK
3/8/2018 3:00,200.033575,OK
3/8/2018 4:00,197.783297,OK
3/8/2018 5:00,205.375514,OK
3/8/2018 6:00,208.725836,OK
3/8/2018 7:00,221.996713,OK
3/8/2018 8:00,219.922359,OK
3/8/2018 9:00,209.443015,OK
3/8/2018 10:00,206.498409,OK
3/8/2018 11:00,202.581698,OK
3/8/2018 12:00,204.42886,OK
3/8/2018 13:00,197.018825,OK
3/8/2018 14:00,202.098248,OK
3/8/2018 15:00,194.520193,OK
3/8/2018 16:00,189.673167,OK
3/8/2018 17:00,194.076887,OK
3/8/2018 18:00,196.604764,OK
3/8/2018 19:00,197.079294,OK
3/8/2018 20:00,192.564822,OK
3/8/2018 21:00,192.751043,OK
3/8/2018 22:00,188.868838,OK
3/8/2018 23:00,192.669787,OK
3/9/2018 0:00,193.116228,OK
3/9/2018 1:00,193.548069,OK
3/9/2018 2:00,190.768891,OK
3/9/2018 3:00,192.45547,OK
3/9/2018 4:00,191.038216,OK
3/9/2018 5:00,192.013262,OK
3/9/2018 6:00,201.071324,OK
3/9/2018 7:00,208.151607,OK
3/9/2018 8:00,207.168245,OK
3/9/2018 9:00,195.902989,OK
3/9/2018 10:00,186.715835,OK
3/9/2018 11:00,174.082808,OK
3/9/2018 12:00,170.627569,OK
3/9/2018 13:00,168.871697,OK
3/9/2018 14:00,161.38094,OK
3/9/2018 15:00,159.034053,OK
3/9/2018 16:00,165.019819,OK
3/9/2018 17:00,161.075975,OK
3/9/2018 18:00,168.973081,OK
3/9/2018 19:00,167.033136,OK
3/9/2018 20:00,166.986702,OK
3/9/2018 21:00,168.405349,OK
3/9/2018 22:00,172.986288,OK
3/9/2018 23:00,173.895983,OK
3/10/2018 0:00,172.62672,OK
3/10/2018 1:00,170.877815,OK
3/10/2018 2:00,170.789499,OK
3/10/2018 3:00,171.541724,OK
3/10/2018 4:00,174.051437,OK
3/10/2018 5:00,181.941511,OK
3/10/2018 6:00,177.97948,OK
3/10/2018 7:00,181.931001,OK
3/10/2018 8:00,178.03828,OK
3/10/2018 9:00,170.615358,OK
3/10/2018 10:00,165.462781,OK
3/10/2018 11:00,164.479509,OK
3/10/2018 12:00,154.794956,OK
3/10/2018 13:00,158.875705,OK
3/10/2018 14:00,163.481671,OK
3/10/2018 15:00,201.967211,OK
3/10/2018 16:00,197.875472,OK
3/10/2018 17:00,203.720989,OK
3/10/2018 18:00,213.046468,OK
3/10/2018 19:00,217.424904,OK
3/10/2018 20:00,223.314993,OK
3/10/2018 21:00,221.891262,OK
3/10/2018 22:00,228.88981,OK
3/10/2018 23:00,225.79793,OK
3/11/2018 0:00,221.487919,OK
3/11/2018 1:00,218.175375,OK
3/11/2018 3:00,223.57083,OK
3/11/2018 4:00,222.566196,OK
3/11/2018 5:00,224.595585,OK
3/11/2018 6:00,224.947093,OK
3/11/2018 7:00,235.067481,OK
3/11/2018 8:00,234.190665,OK
3/11/2018 9:00,223.830508,OK
3/11/2018 10:00,228.188195,OK
3/11/2018 11:00,225.413406,OK
3/11/2018 12:00,235.03623,OK
3/11/2018 13:00,231.680923,OK
3/11/2018 14:00,228.921183,OK
3/11/2018 15:00,222.401855,OK
3/11/2018 16:00,224.451138,OK
3/11/2018 17:00,209.02661,OK
3/11/2018 18:00,219.024589,OK
3/11/2018 19:00,217.257745,OK
3/11/2018 20:00,247.441643,OK
3/11/2018 21:00,248.826615,OK
3/11/2018 22:00,241.363399,OK
3/11/2018 23:00,236.00721,OK
3/12/2018 0:00,239.607917,OK
3/12/2018 1:00,237.636342,OK
3/12/2018 2:00,235.995489,OK
3/12/2018 3:00,230.521999,OK
3/12/2018 4:00,233.562703,OK
3/12/2018 5:00,236.090398,OK
3/12/2018 6:00,241.891563,OK
3/12/2018 7:00,249.946872,OK
3/12/2018 8:00,254.749524,OK
3/12/2018 9:00,262.755689,OK
3/12/2018 10:00,259.142456,OK
3/12/2018 11:00,258.227961,OK
3/12/2018 12:00,244.569039,OK
3/12/2018 13:00,222.408016,OK
3/12/2018 14:00,227.629276,OK
3/12/2018 15:00,210.624418,OK
3/12/2018 16:00,215.599863,OK
3/12/2018 17:00,205.810165,OK
3/12/2018 18:00,224.776023,OK
3/12/2018 19:00,225.164797,OK
3/12/2018 20:00,222.407483,OK
3/12/2018 21:00,224.140084,OK
3/12/2018 22:00,223.917275,OK
3/12/2018 23:00,235.122623,OK
3/13/2018 0:00,236.995971,OK
3/13/2018 1:00,235.525261,OK
3/13/2018 2:00,232.381884,OK
3/13/2018 3:00,229.094052,OK
3/13/2018 4:00,237.063236,OK
3/13/2018 5:00,239.978007,OK
3/13/2018 6:00,249.42003,OK
3/13/2018 7:00,277.753316,OK
3/13/2018 8:00,276.852337,OK
3/13/2018 9:00,257.540447,OK
3/13/2018 10:00,240.126207,OK
3/13/2018 11:00,226.093787,OK
3/13/2018 12:00,222.750373,OK
3/13/2018 13:00,233.326459,OK
3/13/2018 14:00,226.237436,OK
3/13/2018 15:00,229.812074,OK
3/13/2018 16:00,230.106282,OK
3/13/2018 17:00,235.976339,OK
3/13/2018 18:00,242.050543,OK
3/13/2018 19:00,258.17551,OK
3/13/2018 20:00,257.75506,OK
3/13/2018 21:00,259.61,OK
3/13/2018 22:00,260.334725,OK
3/13/2018 23:00,257.316288,OK
3/14/2018 0:00,265.087442,OK
3/14/2018 1:00,255.404343,OK
3/14/2018 2:00,260.940409,OK
3/14/2018 3:00,265.885548,OK
3/14/2018 4:00,261.66596,OK
3/14/2018 5:00,268.186274,OK
3/14/2018 6:00,288.426653,OK
3/14/2018 7:00,295.336825,OK
3/14/2018 8:00,303.069335,OK
3/14/2018 9:00,286.38184,OK
3/14/2018 10:00,267.882257,OK
3/14/2018 11:00,245.239199,OK
3/14/2018 12:00,238.862847,OK
3/14/2018 13:00,218.072061,OK
3/14/2018 14:00,216.668427,OK
3/14/2018 15:00,208.316733,OK
3/14/2018 16:00,179.256579,OK
3/14/2018 17:00,205.893144,OK
3/14/2018 18:00,195.548122,OK
3/14/2018 19:00,210.189474,OK
3/14/2018 20:00,211.103051,OK
3/14/2018 21:00,213.854215,OK
3/14/2018 22:00,212.203584,OK
3/14/2018 23:00,211.657309,OK
3/15/2018 0:00,213.387309,OK
3/15/2018 1:00,212.134786,OK
3/15/2018 2:00,195.787375,OK
3/15/2018 3:00,209.700551,OK
3/15/2018 4:00,208.832998,OK
3/15/2018 5:00,214.23202,OK
3/15/2018 6:00,216.227178,OK
3/15/2018 7:00,237.915696,OK
3/15/2018 8:00,248.162479,OK
3/15/2018 9:00,223.77907,OK
3/15/2018 10:00,214.354749,OK
3/15/2018 11:00,190.594729,OK
3/15/2018 12:00,195.219245,OK
3/15/2018 13:00,181.604626,OK
3/15/2018 14:00,182.851014,OK
3/15/2018 15:00,169.823495,OK
3/15/2018 16:00,168.524696,OK
3/15/2018 17:00,168.773452,OK
3/15/2018 18:00,173.815211,OK
3/15/2018 19:00,181.808869,OK
3/15/2018 20:00,181.627878,OK
3/15/2018 21:00,209.649301,OK
3/15/2018 22:00,202.958099,OK
3/15/2018 23:00,229.673111,OK
3/16/2018 0:00,221.478559,OK
3/16/2018 1:00,224.033545,OK
3/16/2018 2:00,227.36824,OK
3/16/2018 3:00,232.624607,OK
3/16/2018 4:00,230.754491,OK
3/16/2018 5:00,239.876588,OK
3/16/2018 6:00,247.20755,OK
3/16/2018 7:00,277.324197,OK
3/16/2018 8:00,267.655849,OK
3/16/2018 9:00,266.257837,OK
3/16/2018 10:00,257.959677,OK
3/16/2018 11:00,240.908033,OK
3/16/2018 12:00,234.095689,OK
3/16/2018 13:00,231.99449,OK
3/16/2018 14:00,205.639364,OK
3/16/2018 15:00,201.169336,OK
3/16/2018 16:00,199.320964,OK
3/16/2018 17:00,201.313328,OK
3/16/2018 18:00,203.152401,OK
3/16/2018 19:00,212.155218,OK
3/16/2018 20:00,214.373182,OK
3/16/2018 21:00,212.32005,OK
3/16/2018 22:00,211.433089,OK
3/16/2018 23:00,215.280066,OK
3/17/2018 0:00,218.812139,OK
3/17/2018 1:00,214.075558,OK
3/17/2018 2:00,222.619453,OK
3/17/2018 3:00,214.364696,OK
3/17/2018 4:00,215.244049,OK
3/17/2018 5:00,216.230252,OK
3/17/2018 6:00,219.844146,OK
3/17/2018 7:00,224.353067,OK
3/17/2018 8:00,224.634489,OK
3/17/2018 9:00,227.594375,OK
3/17/2018 10:00,229.864269,OK
3/17/2018 11:00,238.981062,OK
3/17/2018 12:00,230.017124,OK
3/17/2018 13:00,227.353254,OK
3/17/2018 14:00,227.723175,OK
3/17/2018 15:00,228.740798,OK
3/17/2018 16:00,221.105361,OK
3/17/2018 17:00,220.016518,OK
3/17/2018 18:00,218.258027,OK
3/17/2018 19:00,212.677206,OK
3/17/2018 20:00,216.342809,OK
3/17/2018 21:00,215.451557,OK
3/17/2018 22:00,215.56634,OK
3/17/2018 23:00,218.474534,OK
3/18/2018 0:00,220.378805,OK
3/18/2018 1:00,218.611508,OK
3/18/2018 2:00,221.122215,OK
3/18/2018 3:00,220.431979,OK
3/18/2018 4:00,222.386952,OK
3/18/2018 5:00,231.344019,OK
3/18/2018 6:00,234.899535,OK
3/18/2018 7:00,239.251364,OK
3/18/2018 8:00,237.852322,OK
3/18/2018 9:00,216.928468,OK
3/18/2018 10:00,192.058039,OK
3/18/2018 11:00,185.383346,OK
3/18/2018 12:00,186.862549,OK
3/18/2018 13:00,172.28156,OK
3/18/2018 14:00,165.580626,OK
3/18/2018 15:00,164.317469,OK
3/18/2018 16:00,167.461106,OK
3/18/2018 17:00,168.220226,OK
3/18/2018 18:00,161.511043,OK
3/18/2018 19:00,168.134444,OK
3/18/2018 20:00,180.790223,OK
3/18/2018 21:00,183.922953,OK
3/18/2018 22:00,191.708489,OK
3/18/2018 23:00,185.857171,OK
3/19/2018 0:00,197.616894,OK
3/19/2018 1:00,185.780582,OK
3/19/2018 2:00,185.621614,OK
3/19/2018 3:00,193.861918,OK
3/19/2018 4:00,194.817526,OK
3/19/2018 5:00,201.861098,OK
3/19/2018 6:00,203.091755,OK
3/19/2018 7:00,217.1615,OK
3/19/2018 8:00,218.227956,OK
3/19/2018 9:00,199.76444,OK
3/19/2018 10:00,188.363722,OK
3/19/2018 11:00,174.316283,OK
3/19/2018 12:00,172.451918,OK
3/19/2018 13:00,167.81554,OK
3/19/2018 14:00,162.355036,OK
3/19/2018 15:00,166.049353,OK
3/19/2018 16:00,162.680914,OK
3/19/2018 17:00,186.101826,OK
3/19/2018 18:00,175.897428,OK
3/19/2018 19:00,180.489858,OK
3/19/2018 20:00,189.643206,OK
3/19/2018 21:00,196.161789,OK
3/19/2018 22:00,157.961353,OK
3/19/2018 23:00,164.236949,OK
3/20/2018 0:00,164.456509,OK
3/20/2018 1:00,165.655687,OK
3/20/2018 2:00,166.791945,OK
3/20/2018 3:00,172.44114,OK
3/20/2018 4:00,172.56416,OK
3/20/2018 5:00,182.217105,OK
3/20/2018 6:00,185.462275,OK
3/20/2018 7:00,197.965049,OK
3/20/2018 8:00,199.41252,OK
3/20/2018 9:00,197.072238,OK
3/20/2018 10:00,182.744546,OK
3/20/2018 11:00,178.427963,OK
3/20/2018 12:00,174.089673,OK
3/20/2018 13:00,174.327438,OK
3/20/2018 14:00,175.156779,OK
3/20/2018 15:00,173.334384,OK
3/20/2018 16:00,169.428007,OK
3/20/2018 17:00,178.180825,OK
3/20/2018 18:00,181.356869,OK
3/20/2018 19:00,181.11298,OK
3/20/2018 20:00,180.685679,OK
3/20/2018 21:00,182.800121,OK
3/20/2018 22:00,186.350118,OK
3/20/2018 23:00,189.437265,OK
3/21/2018 0:00,178.370002,OK
3/21/2018 1:00,179.550944,OK
3/21/2018 2:00,178.170734,OK
3/21/2018 3:00,177.931003,OK
3/21/2018 4:00,174.500316,OK
3/21/2018 5:00,179.144616,OK
3/21/2018 6:00,185.890585,OK
3/21/2018 7:00,183.135846,OK
3/21/2018 8:00,195.464099,OK
3/21/2018 9:00,217.595295,OK
3/21/2018 10:00,203.973445,OK
3/21/2018 11:00,191.501264,OK
3/21/2018 12:00,188.952048,OK
3/21/2018 13:00,181.832706,OK
3/21/2018 14:00,181.243638,OK
3/21/2018 15:00,184.941956,OK
3/21/2018 16:00,176.536278,OK
3/21/2018 17:00,174.78399,OK
3/21/2018 18:00,179.095904,OK
3/21/2018 19:00,180.823561,OK
3/21/2018 20:00,189.431078,OK
3/21/2018 21:00,180.956586,OK
3/21/2018 22:00,189.955052,OK
3/21/2018 23:00,188.838832,OK
3/22/2018 0:00,189.914761,OK
3/22/2018 1:00,188.630259,OK
3/22/2018 2:00,192.953231,OK
3/22/2018 3:00,190.97291,OK
3/22/2018 4:00,195.558358,OK
3/22/2018 5:00,199.753061,OK
3/22/2018 6:00,206.126626,OK
3/22/2018 7:00,214.802961,OK
3/22/2018 8:00,212.675065,OK
3/22/2018 9:00,201.794084,OK
3/22/2018 10:00,188.829254,OK
3/22/2018 11:00,179.111643,OK
3/22/2018 12:00,177.873957,OK
3/22/2018 13:00,171.30331,OK
3/22/2018 14:00,173.10015,OK
3/22/2018 15:00,164.428706,OK
3/22/2018 16:00,155.227914,OK
3/22/2018 17:00,158.057448,OK
3/22/2018 18:00,160.822181,OK
3/22/2018 19:00,167.605285,OK
3/22/2018 20:00,156.615259,OK
3/22/2018 21:00,171.705769,OK
3/22/2018 22:00,168.540853,OK
3/22/2018 23:00,175.106296,OK
3/23/2018 0:00,174.07365,OK
3/23/2018 1:00,177.345948,OK
3/23/2018 2:00,177.191454,OK
3/23/2018 3:00,179.28056,OK
3/23/2018 4:00,179.636664,OK
3/23/2018 5:00,185.106659,OK
3/23/2018 6:00,195.780671,OK
3/23/2018 7:00,209.351728,OK
3/23/2018 8:00,207.219444,OK
3/23/2018 9:00,198.491459,OK
3/23/2018 10:00,185.804423,OK
3/23/2018 11:00,135.994679,OK
3/23/2018 12:00,172.602253,OK
3/23/2018 13:00,163.176525,OK
3/23/2018 14:00,202.730229,OK
3/23/2018 15:00,201.550903,OK
3/23/2018 16:00,207.675408,OK
3/23/2018 17:00,211.725238,OK
3/23/2018 18:00,211.5084,OK
3/23/2018 19:00,216.780849,OK
3/23/2018 20:00,224.088134,OK
3/23/2018 21:00,229.270703,OK
3/23/2018 22:00,223.22001,OK
3/23/2018 23:00,243.842335,OK
3/24/2018 0:00,237.529013,OK
3/24/2018 1:00,233.35299,OK
3/24/2018 2:00,230.285142,OK
3/24/2018 3:00,251.063119,OK
3/24/2018 4:00,251.530518,OK
3/24/2018 5:00,256.670215,OK
3/24/2018 6:00,258.326697,OK
3/24/2018 7:00,261.750142,OK
3/24/2018 8:00,262.777249,OK
3/24/2018 9:00,273.757603,OK
3/24/2018 10:00,269.072191,OK
3/24/2018 11:00,274.547261,OK
3/24/2018 12:00,276.041201,OK
3/24/2018 13:00,278.037317,OK
3/24/2018 14:00,287.076172,OK
3/24/2018 15:00,286.556743,OK
3/24/2018 16:00,287.209513,OK
3/24/2018 17:00,288.169912,OK
3/24/2018 18:00,287.398079,OK
3/24/2018 19:00,281.076073,OK
3/24/2018 20:00,280.968029,OK
3/24/2018 21:00,272.589027,OK
3/24/2018 22:00,268.617038,OK
3/24/2018 23:00,264.309372,OK
3/25/2018 0:00,265.744496,OK
3/25/2018 1:00,260.717762,OK
3/25/2018 2:00,263.846127,OK
3/25/2018 3:00,267.444569,OK
3/25/2018 4:00,279.866362,OK
3/25/2018 5:00,289.059006,OK
3/25/2018 6:00,299.974608,OK
3/25/2018 7:00,306.52916,OK
3/25/2018 8:00,306.720772,OK
3/25/2018 9:00,298.442592,OK
3/25/2018 10:00,287.039925,OK
3/25/2018 11:00,281.628943,OK
3/25/2018 12:00,268.225734,OK
3/25/2018 13:00,262.980967,OK
3/25/2018 14:00,257.068774,OK
3/25/2018 15:00,249.640789,OK
3/25/2018 16:00,242.961243,OK
3/25/2018 17:00,240.837822,OK
3/25/2018 18:00,244.528647,OK
3/25/2018 19:00,252.324912,OK
3/25/2018 20:00,256.66974,OK
3/25/2018 21:00,256.0969,OK
3/25/2018 22:00,259.414048,OK
3/25/2018 23:00,268.791874,OK
3/26/2018 0:00,265.199041,OK
3/26/2018 1:00,267.191073,OK
3/26/2018 2:00,270.865258,OK
3/26/2018 3:00,269.520242,OK
3/26/2018 4:00,273.344217,OK
3/26/2018 5:00,274.054745,OK
3/26/2018 6:00,284.52006,OK
3/26/2018 7:00,301.107749,OK
3/26/2018 8:00,295.439858,OK
3/26/2018 9:00,284.342801,OK
3/26/2018 10:00,259.439664,OK
3/26/2018 11:00,260.582985,OK
3/26/2018 12:00,247.027575,OK
3/26/2018 13:00,243.51178,OK
3/26/2018 14:00,241.119229,OK
3/26/2018 15:00,246.450584,OK
3/26/2018 16:00,261.960984,OK
3/26/2018 17:00,253.516778,OK
3/26/2018 18:00,252.688728,OK
3/26/2018 19:00,236.237325,OK
3/26/2018 20:00,232.652195,OK
3/26/2018 21:00,226.565364,OK
3/26/2018 22:00,218.071485,OK
3/26/2018 23:00,213.046017,OK
3/27/2018 0:00,212.549729,OK
3/27/2018 1:00,202.23661,OK
3/27/2018 2:00,198.203179,OK
3/27/2018 3:00,196.573934,OK
3/27/2018 4:00,194.978212,OK
3/27/2018 5:00,196.800384,OK
3/27/2018 6:00,201.170114,OK
3/27/2018 7:00,209.263837,OK
3/27/2018 8:00,218.06171,OK
3/27/2018 9:00,217.191304,OK
3/27/2018 10:00,214.023189,OK
3/27/2018 11:00,207.372774,OK
3/27/2018 12:00,207.387576,OK
3/27/2018 13:00,206.5091,OK
3/27/2018 14:00,252.233586,OK
3/27/2018 15:00,240.176603,OK
3/27/2018 16:00,236.001556,OK
3/27/2018 17:00,231.380389,OK
3/27/2018 18:00,240.021711,OK
3/27/2018 19:00,248.750165,OK
3/27/2018 20:00,251.577389,OK
3/27/2018 21:00,238.522555,OK
3/27/2018 22:00,239.672755,OK
3/27/2018 23:00,238.528869,OK
3/28/2018 0:00,238.564972,OK
3/28/2018 1:00,234.513697,OK
3/28/2018 2:00,233.237835,OK
3/28/2018 3:00,227.712804,OK
3/28/2018 4:00,228.028603,OK
3/28/2018 5:00,229.832185,OK
3/28/2018 6:00,234.53699,OK
3/28/2018 7:00,251.702127,OK
3/28/2018 8:00,253.895158,OK
3/28/2018 9:00,251.004407,OK
3/28/2018 10:00,235.693084,OK
3/28/2018 11:00,228.06999,OK
3/28/2018 12:00,244.38671,OK
3/28/2018 13:00,222.54138,OK
3/28/2018 14:00,227.72166,OK
3/28/2018 15:00,227.332461,OK
3/28/2018 16:00,192.741999,OK
3/28/2018 17:00,195.818476,OK
3/28/2018 18:00,204.462963,OK
3/28/2018 19:00,203.528366,OK
3/28/2018 20:00,204.34635,OK
3/28/2018 21:00,202.378238,OK
3/28/2018 22:00,202.498952,OK
3/28/2018 23:00,195.476677,OK
3/29/2018 0:00,196.159723,OK
3/29/2018 1:00,192.000445,OK
3/29/2018 2:00,199.130708,OK
3/29/2018 3:00,199.622136,OK
3/29/2018 4:00,200.705881,OK
3/29/2018 5:00,198.318478,OK
3/29/2018 6:00,202.032222,OK
3/29/2018 7:00,217.439877,OK
3/29/2018 8:00,218.570609,OK
3/29/2018 9:00,231.919675,OK
3/29/2018 10:00,231.44048,OK
3/29/2018 11:00,223.376109,OK
3/29/2018 12:00,227.661408,OK
3/29/2018 13:00,169.110952,OK
3/29/2018 14:00,224.552655,OK
3/29/2018 15:00,227.060637,OK
3/29/2018 16:00,215.459127,OK
3/29/2018 17:00,208.978953,OK
3/29/2018 18:00,216.020881,OK
3/29/2018 19:00,218.183993,OK
3/29/2018 20:00,223.309938,OK
3/29/2018 21:00,231.840683,OK
3/29/2018 22:00,230.953726,OK
3/29/2018 23:00,237.680187,OK
3/30/2018 0:00,231.716889,OK
3/30/2018 1:00,231.694152,OK
3/30/2018 2:00,232.231451,OK
3/30/2018 3:00,230.755404,OK
3/30/2018 4:00,235.056591,OK
3/30/2018 5:00,234.26399,OK
3/30/2018 6:00,241.690067,OK
3/30/2018 7:00,267.652383,OK
3/30/2018 8:00,267.101537,OK
3/30/2018 9:00,251.413151,OK
3/30/2018 10:00,252.333607,OK
3/30/2018 11:00,237.970583,OK
3/30/2018 12:00,229.454554,OK
3/30/2018 13:00,252.949276,OK
3/30/2018 14:00,250.297678,OK
3/30/2018 15:00,228.98051,OK
3/30/2018 16:00,232.40379,OK
3/30/2018 17:00,198.268548,OK
3/30/2018 18:00,257.494838,OK
3/30/2018 19:00,214.595828,OK
3/30/2018 20:00,222.240082,OK
3/30/2018 21:00,235.830463,OK
3/30/2018 22:00,231.044633,OK
3/30/2018 23:00,231.665906,OK
3/31/2018 0:00,227.48764,OK
3/31/2018 1:00,231.13195,OK
3/31/2018 2:00,229.570767,OK
3/31/2018 3:00,229.389365,OK
3/31/2018 4:00,231.462612,OK
3/31/2018 5:00,236.185513,OK
3/31/2018 6:00,234.884388,OK
3/31/2018 7:00,236.031706,OK
3/31/2018 8:00,234.978864,OK
3/31/2018 9:00,237.370108,OK
3/31/2018 10:00,227.832544,OK
3/31/2018 11:00,224.797578,OK
3/31/2018 12:00,234.376563,OK
3/31/2018 13:00,212.21644,OK
3/31/2018 14:00,201.968664,OK
3/31/2018 15:00,207.433191,OK
3/31/2018 16:00,192.744911,OK
3/31/2018 17:00,188.32358,OK
3/31/2018 18:00,195.564878,OK
3/31/2018 19:00,200.414037,OK
3/31/2018 20:00,227.228652,OK
3/31/2018 21:00,221.623944,OK
3/31/2018 22:00,230.352594,OK
3/31/2018 23:00,240.094829,OK
4/1/2018 0:00,240.970302,OK
4/1/2018 1:00,239.492197,OK
4/1/2018 2:00,246.480349,OK
4/1/2018 3:00,250.674308,OK
4/1/2018 4:00,259.251597,OK
4/1/2018 5:00,262.294489,OK
4/1/2018 6:00,266.998722,OK
4/1/2018 7:00,279.855098,OK
4/1/2018 8:00,273.761555,OK
4/1/2018 9:00,263.854702,OK
4/1/2018 10:00,261.274243,OK
4/1/2018 11:00,254.698432,OK
4/1/2018 12:00,257.471066,OK
4/1/2018 13:00,254.676646,OK
4/1/2018 14:00,268.555692,OK
4/1/2018 15:00,266.988545,OK
4/1/2018 16:00,286.820573,OK
4/1/2018 17:00,286.03756,OK
4/1/2018 18:00,293.808318,OK
4/1/2018 19:00,288.162834,OK
4/1/2018 20:00,294.057044,OK
4/1/2018 21:00,289.740684,OK
4/1/2018 22:00,288.619822,OK
4/1/2018 23:00,293.751608,OK
4/2/2018 0:00,293.155469,OK
4/2/2018 1:00,289.703587,OK
4/2/2018 2:00,298.170341,OK
4/2/2018 3:00,297.37066,OK
4/2/2018 4:00,302.712016,OK
4/2/2018 5:00,311.36839,OK
4/2/2018 6:00,318.404086,OK
4/2/2018 7:00,326.458632,OK
4/2/2018 8:00,325.36436,OK
4/2/2018 9:00,310.267613,OK
4/2/2018 10:00,295.475204,OK
4/2/2018 11:00,283.134726,OK
4/2/2018 12:00,270.053181,OK
4/2/2018 13:00,258.974374,OK
4/2/2018 14:00,251.549184,OK
4/2/2018 15:00,240.567007,OK
4/2/2018 16:00,244.06548,OK
4/2/2018 17:00,240.088953,OK
4/2/2018 18:00,247.725552,OK
4/2/2018 19:00,242.467819,OK
4/2/2018 20:00,243.783864,OK
4/2/2018 21:00,245.565464,OK
4/2/2018 22:00,242.340771,OK
4/2/2018 23:00,240.505544,OK
4/3/2018 0:00,234.079304,OK
4/3/2018 1:00,222.08826,OK
4/3/2018 2:00,221.852429,OK
4/3/2018 3:00,218.000912,OK
4/3/2018 4:00,219.323659,OK
4/3/2018 5:00,219.057594,OK
4/3/2018 6:00,219.606443,OK
4/3/2018 7:00,232.99938,OK
4/3/2018 8:00,239.669867,OK
4/3/2018 9:00,240.134935,OK
4/3/2018 10:00,234.615083,OK
4/3/2018 11:00,220.324951,OK
4/3/2018 12:00,209.080991,OK
4/3/2018 13:00,186.830156,OK
4/3/2018 14:00,186.370635,OK
4/3/2018 15:00,176.683098,OK
4/3/2018 16:00,175.793532,OK
4/3/2018 17:00,196.029361,OK
4/3/2018 18:00,238.634587,OK
4/3/2018 19:00,239.176912,OK
4/3/2018 20:00,244.517673,OK
4/3/2018 21:00,246.541939,OK
4/3/2018 22:00,248.320582,OK
4/3/2018 23:00,260.11367,OK
4/4/2018 0:00,256.586987,OK
4/4/2018 1:00,253.006598,OK
4/4/2018 2:00,250.87965,OK
4/4/2018 3:00,263.548228,OK
4/4/2018 4:00,266.408,OK
4/4/2018 5:00,279.792312,OK
4/4/2018 6:00,287.341499,OK
4/4/2018 7:00,300.183232,OK
4/4/2018 8:00,311.456841,OK
4/4/2018 9:00,313.537571,OK
4/4/2018 10:00,291.51595,OK
4/4/2018 11:00,302.501004,OK
4/4/2018 12:00,283.526862,OK
4/4/2018 13:00,282.277476,OK
4/4/2018 14:00,284.494566,OK
4/4/2018 15:00,271.639057,OK
4/4/2018 16:00,275.535662,OK
4/4/2018 17:00,274.149022,OK
4/4/2018 18:00,276.66207,OK
4/4/2018 19:00,271.554932,OK
4/4/2018 20:00,273.689946,OK
4/4/2018 21:00,275.528403,OK
4/4/2018 22:00,275.610726,OK
4/4/2018 23:00,274.204934,OK
4/5/2018 0:00,272.667165,OK
4/5/2018 1:00,269.24503,OK
4/5/2018 2:00,266.659514,OK
4/5/2018 3:00,262.875145,OK
4/5/2018 4:00,267.004892,OK
4/5/2018 5:00,267.783244,OK
4/5/2018 6:00,278.194539,OK
4/5/2018 7:00,288.924374,OK
4/5/2018 8:00,288.905174,OK
4/5/2018 9:00,279.285913,OK
4/5/2018 10:00,260.521018,OK
4/5/2018 11:00,258.561039,OK
4/5/2018 12:00,236.985914,OK
4/5/2018 13:00,234.697948,OK
4/5/2018 14:00,233.995421,OK
4/5/2018 15:00,222.63047,OK
4/5/2018 16:00,217.258099,OK
4/5/2018 17:00,211.110196,OK
4/5/2018 18:00,216.91963,OK
4/5/2018 19:00,222.512231,OK
4/5/2018 20:00,224.687003,OK
4/5/2018 21:00,220.454751,OK
4/5/2018 22:00,218.256945,OK
4/5/2018 23:00,215.882465,OK
4/6/2018 0:00,210.347324,OK
4/6/2018 1:00,209.002328,OK
4/6/2018 2:00,205.942187,OK
4/6/2018 3:00,206.703026,OK
4/6/2018 4:00,209.933208,OK
4/6/2018 5:00,206.467999,OK
4/6/2018 6:00,218.508883,OK
4/6/2018 7:00,231.575164,OK
4/6/2018 8:00,242.998084,OK
4/6/2018 9:00,233.098042,OK
4/6/2018 10:00,236.577491,OK
4/6/2018 11:00,234.059545,OK
4/6/2018 12:00,233.183015,OK
4/6/2018 13:00,239.804696,OK
4/6/2018 14:00,252.066535,OK
4/6/2018 15:00,249.875539,OK
4/6/2018 16:00,257.002769,OK
4/6/2018 17:00,266.060937,OK
4/6/2018 18:00,278.970899,OK
4/6/2018 19:00,278.449988,OK
4/6/2018 20:00,280.994701,OK
4/6/2018 21:00,277.054471,OK
4/6/2018 22:00,268.101043,OK
4/6/2018 23:00,271.560129,OK
4/7/2018 0:00,273.803864,OK
4/7/2018 1:00,266.450115,OK
4/7/2018 2:00,273.614057,OK
4/7/2018 3:00,274.646071,OK
4/7/2018 4:00,275.7668,OK
4/7/2018 5:00,282.520928,OK
4/7/2018 6:00,292.211473,OK
4/7/2018 7:00,299.733033,OK
4/7/2018 8:00,292.439533,OK
4/7/2018 9:00,282.790444,OK
4/7/2018 10:00,271.91396,OK
4/7/2018 11:00,273.913657,OK
4/7/2018 12:00,262.005063,OK
4/7/2018 13:00,250.301118,OK
4/7/2018 14:00,249.340649,OK
4/7/2018 15:00,244.279178,OK
4/7/2018 16:00,237.080946,OK
4/7/2018 17:00,233.107897,OK
4/7/2018 18:00,237.373969,OK
4/7/2018 19:00,245.943542,OK
4/7/2018 20:00,247.205795,OK
4/7/2018 21:00,246.821736,OK
4/7/2018 22:00,252.67787,OK
4/7/2018 23:00,250.703734,OK
4/8/2018 0:00,251.51738,OK
4/8/2018 1:00,254.000449,OK
4/8/2018 2:00,247.773715,OK
4/8/2018 3:00,249.990844,OK
4/8/2018 4:00,261.0257,OK
4/8/2018 5:00,263.49176,OK
4/8/2018 6:00,271.896357,OK
4/8/2018 7:00,274.115627,OK
4/8/2018 8:00,272.85308,OK
4/8/2018 9:00,260.680681,OK
4/8/2018 10:00,243.557383,OK
4/8/2018 11:00,237.736591,OK
4/8/2018 12:00,236.074194,OK
4/8/2018 13:00,239.105419,OK
4/8/2018 14:00,227.189532,OK
4/8/2018 15:00,221.676316,OK
4/8/2018 16:00,227.204379,OK
4/8/2018 17:00,225.536582,OK
4/8/2018 18:00,229.049341,OK
4/8/2018 19:00,231.826259,OK
4/8/2018 20:00,237.977828,OK
4/8/2018 21:00,246.950298,OK
4/8/2018 22:00,248.257387,OK
4/8/2018 23:00,248.140383,OK
4/9/2018 0:00,245.087152,OK
4/9/2018 1:00,242.412466,OK
4/9/2018 2:00,237.707767,OK
4/9/2018 3:00,238.859281,OK
4/9/2018 4:00,239.831532,OK
4/9/2018 5:00,238.875637,OK
4/9/2018 6:00,245.612329,OK
4/9/2018 7:00,258.272446,OK
4/9/2018 8:00,262.12091,OK
4/9/2018 9:00,262.666015,OK
4/9/2018 10:00,253.920442,OK
4/9/2018 11:00,246.825177,OK
4/9/2018 12:00,239.074427,OK
4/9/2018 13:00,231.131121,OK
4/9/2018 14:00,238.684595,OK
4/9/2018 15:00,231.945715,OK
4/9/2018 16:00,232.271185,OK
4/9/2018 17:00,239.880909,OK
4/9/2018 18:00,240.336284,OK
4/9/2018 19:00,240.318698,OK
4/9/2018 20:00,240.807611,OK
4/9/2018 21:00,236.762908,OK
4/9/2018 22:00,235.651087,OK
4/9/2018 23:00,241.917888,OK
4/10/2018 0:00,240.613371,OK
4/10/2018 1:00,235.318764,OK
4/10/2018 2:00,233.878598,OK
4/10/2018 3:00,235.780181,OK
4/10/2018 4:00,239.547379,OK
4/10/2018 5:00,252.995995,OK
4/10/2018 6:00,252.716126,OK
4/10/2018 7:00,263.211988,OK
4/10/2018 8:00,267.574977,OK
4/10/2018 9:00,259.291926,OK
4/10/2018 10:00,248.442438,OK
4/10/2018 11:00,233.896278,OK
4/10/2018 12:00,234.834756,OK
4/10/2018 13:00,231.011082,OK
4/10/2018 14:00,226.686084,OK
4/10/2018 15:00,229.52975,OK
4/10/2018 16:00,221.22701,OK
4/10/2018 17:00,221.194119,OK
4/10/2018 18:00,224.358739,OK
4/10/2018 19:00,233.260719,OK
4/10/2018 20:00,236.780968,OK
4/10/2018 21:00,241.381009,OK
4/10/2018 22:00,241.310647,OK
4/10/2018 23:00,242.792815,OK
4/11/2018 0:00,243.609067,OK
4/11/2018 1:00,241.210252,OK
4/11/2018 2:00,237.590934,OK
4/11/2018 3:00,236.901334,OK
4/11/2018 4:00,237.612172,OK
4/11/2018 5:00,244.07814,OK
4/11/2018 6:00,247.942642,OK
4/11/2018 7:00,255.47874,OK
4/11/2018 8:00,252.246015,OK
4/11/2018 9:00,226.799728,OK
4/11/2018 10:00,209.730829,OK
4/11/2018 11:00,187.89616,OK
4/11/2018 12:00,178.344895,OK
4/11/2018 13:00,171.170547,OK
4/11/2018 14:00,166.317053,OK
4/11/2018 15:00,161.940998,OK
4/11/2018 16:00,161.841329,OK
4/11/2018 17:00,163.074869,OK
4/11/2018 18:00,161.458526,OK
4/11/2018 19:00,165.273063,OK
4/11/2018 20:00,167.22874,OK
4/11/2018 21:00,168.598521,OK
4/11/2018 22:00,168.871951,OK
4/11/2018 23:00,172.638446,OK
4/12/2018 0:00,168.955695,OK
4/12/2018 1:00,167.790625,OK
4/12/2018 2:00,171.688322,OK
4/12/2018 3:00,173.430401,OK
4/12/2018 4:00,166.911674,OK
4/12/2018 5:00,167.721966,OK
4/12/2018 6:00,172.597724,OK
4/12/2018 7:00,184.610344,OK
4/12/2018 8:00,179.454241,OK
4/12/2018 9:00,172.481652,OK
4/12/2018 10:00,166.632737,OK
4/12/2018 11:00,160.006314,OK
4/12/2018 12:00,161.090439,OK
4/12/2018 13:00,158.669584,OK
4/12/2018 14:00,159.329459,OK
4/12/2018 15:00,149.834686,OK
4/12/2018 16:00,145.70245,OK
4/12/2018 17:00,144.75766,OK
4/12/2018 18:00,144.887979,OK
4/12/2018 19:00,145.093914,OK
4/12/2018 20:00,143.291302,OK
4/12/2018 21:00,145.853304,OK
4/12/2018 22:00,144.607001,OK
4/12/2018 23:00,142.155418,OK
4/13/2018 0:00,142.122223,OK
4/13/2018 1:00,142.471376,OK
4/13/2018 2:00,141.949563,OK
4/13/2018 3:00,142.198017,OK
4/13/2018 4:00,142.235786,OK
4/13/2018 5:00,145.514623,OK
4/13/2018 6:00,154.337879,OK
4/13/2018 7:00,160.051531,OK
4/13/2018 8:00,162.907909,OK
4/13/2018 9:00,162.848612,OK
4/13/2018 10:00,159.17164,OK
4/13/2018 11:00,153.85402,OK
4/13/2018 12:00,151.587777,OK
4/13/2018 13:00,157.212384,OK
4/13/2018 14:00,153.015154,OK
4/13/2018 15:00,149.548431,OK
4/13/2018 16:00,147.199856,OK
4/13/2018 17:00,145.479945,OK
4/13/2018 18:00,146.49809,OK
4/13/2018 19:00,144.800042,OK
4/13/2018 20:00,146.407342,OK
4/13/2018 21:00,144.666164,OK
4/13/2018 22:00,142.584814,OK
4/13/2018 23:00,141.052254,OK
4/14/2018 0:00,141.382297,OK
4/14/2018 1:00,134.018036,OK
4/14/2018 2:00,136.02326,OK
4/14/2018 3:00,136.435374,OK
4/14/2018 4:00,144.042151,OK
4/14/2018 5:00,147.392471,OK
4/14/2018 6:00,141.97253,OK
4/14/2018 7:00,146.080079,OK
4/14/2018 8:00,149.321546,OK
4/14/2018 9:00,148.847276,OK
4/14/2018 10:00,152.84603,OK
4/14/2018 11:00,193.084639,OK
4/14/2018 12:00,165.384944,OK
4/14/2018 13:00,149.337812,OK
4/14/2018 14:00,152.910063,OK
4/14/2018 15:00,147.552818,OK
4/14/2018 16:00,149.912279,OK
4/14/2018 17:00,146.808751,OK
4/14/2018 18:00,149.527395,OK
4/14/2018 19:00,150.308389,OK
4/14/2018 20:00,146.076045,OK
4/14/2018 21:00,167.037292,OK
4/14/2018 22:00,166.705491,OK
4/14/2018 23:00,159.069794,OK
4/15/2018 0:00,165.794527,OK
4/15/2018 1:00,167.802632,OK
4/15/2018 2:00,169.930726,OK
4/15/2018 3:00,173.642558,OK
4/15/2018 4:00,175.216094,OK
4/15/2018 5:00,180.152323,OK
4/15/2018 6:00,190.972582,OK
4/15/2018 7:00,199.563941,OK
4/15/2018 8:00,209.899198,OK
4/15/2018 9:00,208.975188,OK
4/15/2018 10:00,206.50896,OK
4/15/2018 11:00,199.097499,OK
4/15/2018 12:00,199.879829,OK
4/15/2018 13:00,198.955686,OK
4/15/2018 14:00,214.139684,OK
4/15/2018 15:00,220.299918,OK
4/15/2018 16:00,218.032169,OK
4/15/2018 17:00,212.702314,OK
4/15/2018 18:00,219.638807,OK
4/15/2018 19:00,223.219573,OK
4/15/2018 20:00,241.515642,OK
4/15/2018 21:00,228.240349,OK
4/15/2018 22:00,233.828223,OK
4/15/2018 23:00,232.317077,OK
4/16/2018 0:00,238.393291,OK
4/16/2018 1:00,234.702835,OK
4/16/2018 2:00,229.833947,OK
4/16/2018 3:00,237.369133,OK
4/16/2018 4:00,237.289153,OK
4/16/2018 5:00,249.609273,OK
4/16/2018 6:00,260.027764,OK
4/16/2018 7:00,274.021343,OK
4/16/2018 8:00,289.731049,OK
4/16/2018 9:00,284.774981,OK
4/16/2018 10:00,278.738332,OK
4/16/2018 11:00,271.767892,OK
4/16/2018 12:00,267.503937,OK
4/16/2018 13:00,266.341146,OK
4/16/2018 14:00,269.062575,OK
4/16/2018 15:00,271.275155,OK
4/16/2018 16:00,268.277315,OK
4/16/2018 17:00,270.611791,OK
4/16/2018 18:00,264.865882,OK
4/16/2018 19:00,264.833694,OK
4/16/2018 20:00,261.179843,OK
4/16/2018 21:00,257.247713,OK
4/16/2018 22:00,254.383579,OK
4/16/2018 23:00,253.85003,OK
4/17/2018 0:00,256.868765,OK
4/17/2018 1:00,244.49966,OK
4/17/2018 2:00,246.679377,OK
4/17/2018 3:00,249.684513,OK
4/17/2018 4:00,245.447895,OK
4/17/2018 5:00,257.028522,OK
4/17/2018 6:00,263.053057,OK
4/17/2018 7:00,269.456578,OK
4/17/2018 8:00,270.566169,OK
4/17/2018 9:00,265.07737,OK
4/17/2018 10:00,244.777446,OK
4/17/2018 11:00,241.669525,OK
4/17/2018 12:00,228.176089,OK
4/17/2018 13:00,223.749833,OK
4/17/2018 14:00,219.438729,OK
4/17/2018 15:00,206.930722,OK
4/17/2018 16:00,201.261653,OK
4/17/2018 17:00,200.14477,OK
4/17/2018 18:00,204.649721,OK
4/17/2018 19:00,214.343976,OK
4/17/2018 20:00,221.612058,OK
4/17/2018 21:00,223.793981,OK
4/17/2018 22:00,229.649809,OK
4/17/2018 23:00,226.36589,OK
4/18/2018 0:00,229.765482,OK
4/18/2018 1:00,222.160465,OK
4/18/2018 2:00,230.050858,OK
4/18/2018 3:00,233.523372,OK
4/18/2018 4:00,233.382953,OK
4/18/2018 5:00,235.646695,OK
4/18/2018 6:00,238.000873,OK
4/18/2018 7:00,256.705961,OK
4/18/2018 8:00,252.229344,OK
4/18/2018 9:00,252.36712,OK
4/18/2018 10:00,239.599032,OK
4/18/2018 11:00,209.496028,OK
4/18/2018 12:00,187.157245,OK
4/18/2018 13:00,190.282777,OK
4/18/2018 14:00,190.204199,OK
4/18/2018 15:00,193.852422,OK
4/18/2018 16:00,202.243003,OK
4/18/2018 17:00,215.255286,OK
4/18/2018 18:00,221.270611,OK
4/18/2018 19:00,233.381807,OK
4/18/2018 20:00,237.935085,OK
4/18/2018 21:00,242.128872,OK
4/18/2018 22:00,243.87151,OK
4/18/2018 23:00,244.305039,OK
4/19/2018 0:00,245.914689,OK
4/19/2018 1:00,238.876202,OK
4/19/2018 2:00,237.755198,OK
4/19/2018 3:00,237.270519,OK
4/19/2018 4:00,234.974405,OK
4/19/2018 5:00,240.097264,OK
4/19/2018 6:00,241.446635,OK
4/19/2018 7:00,252.761181,OK
4/19/2018 8:00,253.1243,OK
4/19/2018 9:00,246.719184,OK
4/19/2018 10:00,236.108744,OK
4/19/2018 11:00,228.653373,OK
4/19/2018 12:00,204.457726,OK
4/19/2018 13:00,212.534656,OK
4/19/2018 14:00,176.815183,OK
4/19/2018 15:00,181.457082,OK
4/19/2018 16:00,195.765763,OK
4/19/2018 17:00,169.849454,OK
4/19/2018 18:00,181.532009,OK
4/19/2018 19:00,184.394706,OK
4/19/2018 20:00,200.373752,OK
4/19/2018 21:00,219.930821,OK
4/19/2018 22:00,205.91503,OK
4/19/2018 23:00,200.618572,OK
4/20/2018 0:00,202.480169,OK
4/20/2018 1:00,204.503047,OK
4/20/2018 2:00,207.236087,OK
4/20/2018 3:00,211.291302,OK
4/20/2018 4:00,212.29101,OK
4/20/2018 5:00,217.12169,OK
4/20/2018 6:00,222.190109,OK
4/20/2018 7:00,233.395411,OK
4/20/2018 8:00,217.935646,OK
4/20/2018 9:00,204.876855,OK
4/20/2018 10:00,198.77991,OK
4/20/2018 11:00,184.321166,OK
4/20/2018 12:00,182.522234,OK
4/20/2018 13:00,172.582718,OK
4/20/2018 14:00,163.7838,OK
4/20/2018 15:00,157.619654,OK
4/20/2018 16:00,164.159699,OK
4/20/2018 17:00,165.748855,OK
4/20/2018 18:00,163.684887,OK
4/20/2018 19:00,166.123917,OK
4/20/2018 20:00,181.613803,OK
4/20/2018 21:00,182.853268,OK
4/20/2018 22:00,183.004033,OK
4/20/2018 23:00,182.251525,OK
4/21/2018 0:00,178.169677,OK
4/21/2018 1:00,179.572252,OK
4/21/2018 2:00,187.579684,OK
4/21/2018 3:00,187.324253,OK
4/21/2018 4:00,184.890049,OK
4/21/2018 5:00,187.447413,OK
4/21/2018 6:00,193.404271,OK
4/21/2018 7:00,197.733141,OK
4/21/2018 8:00,196.394569,OK
4/21/2018 9:00,180.064086,OK
4/21/2018 10:00,173.30849,OK
4/21/2018 11:00,166.896693,OK
4/21/2018 12:00,167.033419,OK
4/21/2018 13:00,168.243368,OK
4/21/2018 14:00,161.837916,OK
4/21/2018 15:00,158.138759,OK
4/21/2018 16:00,156.983487,OK
4/21/2018 17:00,162.991949,OK
4/21/2018 18:00,162.868973,OK
4/21/2018 19:00,166.683473,OK
4/21/2018 20:00,174.423219,OK
4/21/2018 21:00,172.351481,OK
4/21/2018 22:00,167.202753,OK
4/21/2018 23:00,167.349792,OK
4/22/2018 0:00,175.514168,OK
4/22/2018 1:00,168.757202,OK
4/22/2018 2:00,171.430103,OK
4/22/2018 3:00,169.001038,OK
4/22/2018 4:00,171.316316,OK
4/22/2018 5:00,174.737526,OK
4/22/2018 6:00,181.768558,OK
4/22/2018 7:00,181.320157,OK
4/22/2018 8:00,184.473243,OK
4/22/2018 9:00,175.515426,OK
4/22/2018 10:00,174.218228,OK
4/22/2018 11:00,170.989121,OK
4/22/2018 12:00,161.052226,OK
4/22/2018 13:00,157.83799,OK
4/22/2018 14:00,157.46727,OK
4/22/2018 15:00,149.047212,OK
4/22/2018 16:00,148.159258,OK
4/22/2018 17:00,143.739063,OK
4/22/2018 18:00,147.532835,OK
4/22/2018 19:00,149.252187,OK
4/22/2018 20:00,158.378516,OK
4/22/2018 21:00,158.275583,OK
4/22/2018 22:00,159.259054,OK
4/22/2018 23:00,166.237876,OK
4/23/2018 0:00,163.878063,OK
4/23/2018 1:00,160.818853,OK
4/23/2018 2:00,165.01714,OK
4/23/2018 3:00,168.14023,OK
4/23/2018 4:00,181.391309,OK
4/23/2018 5:00,184.481464,OK
4/23/2018 6:00,188.745627,OK
4/23/2018 7:00,194.767723,OK
4/23/2018 8:00,185.636269,OK
4/23/2018 9:00,184.99157,OK
4/23/2018 10:00,173.198063,OK
4/23/2018 11:00,164.908978,OK
4/23/2018 12:00,160.871942,OK
4/23/2018 13:00,150.146684,OK
4/23/2018 14:00,152.437443,OK
4/23/2018 15:00,155.464046,OK
4/23/2018 16:00,156.393007,OK
4/23/2018 17:00,162.421347,OK
4/23/2018 18:00,168.532544,OK
4/23/2018 19:00,167.298289,OK
4/23/2018 20:00,167.122657,OK
4/23/2018 21:00,167.350623,OK
4/23/2018 22:00,164.632904,OK
4/23/2018 23:00,161.618803,OK
4/24/2018 0:00,154.566649,OK
4/24/2018 1:00,155.052602,OK
4/24/2018 2:00,151.113973,OK
4/24/2018 3:00,151.124486,OK
4/24/2018 4:00,156.409479,OK
4/24/2018 5:00,156.279888,OK
4/24/2018 6:00,161.574765,OK
4/24/2018 7:00,176.590082,OK
4/24/2018 8:00,178.50525,OK
4/24/2018 9:00,176.79915,OK
4/24/2018 10:00,173.354512,OK
4/24/2018 11:00,166.769538,OK
4/24/2018 12:00,163.509706,OK
4/24/2018 13:00,159.590376,OK
4/24/2018 14:00,158.891009,OK
4/24/2018 15:00,152.204622,OK
4/24/2018 16:00,153.138226,OK
4/24/2018 17:00,152.760574,OK
4/24/2018 18:00,153.58189,OK
4/24/2018 19:00,151.066017,OK
4/24/2018 20:00,159.691148,OK
4/24/2018 21:00,158.70041,OK
4/24/2018 22:00,159.756304,OK
4/24/2018 23:00,161.931991,OK
4/25/2018 0:00,162.097774,OK
4/25/2018 1:00,157.101188,OK
4/25/2018 2:00,164.735776,OK
4/25/2018 3:00,170.486917,OK
4/25/2018 4:00,171.824035,OK
4/25/2018 5:00,175.392776,OK
4/25/2018 6:00,191.031117,OK
4/25/2018 7:00,201.717158,OK
4/25/2018 8:00,197.497898,OK
4/25/2018 9:00,193.480214,OK
4/25/2018 10:00,176.720904,OK
4/25/2018 11:00,166.291436,OK
4/25/2018 12:00,163.687658,OK
4/25/2018 13:00,155.033941,OK
4/25/2018 14:00,152.334786,OK
4/25/2018 15:00,157.283339,OK
4/25/2018 16:00,153.956338,OK
4/25/2018 17:00,154.600332,OK
4/25/2018 18:00,161.461282,OK
4/25/2018 19:00,164.974625,OK
4/25/2018 20:00,171.026469,OK
4/25/2018 21:00,181.218217,OK
4/25/2018 22:00,179.505772,OK
4/25/2018 23:00,193.104765,OK
4/26/2018 0:00,200.537459,OK
4/26/2018 1:00,192.630361,OK
4/26/2018 2:00,193.175215,OK
4/26/2018 3:00,192.505437,OK
4/26/2018 4:00,194.898832,OK
4/26/2018 5:00,198.577206,OK
4/26/2018 6:00,203.676518,OK
4/26/2018 7:00,205.129513,OK
4/26/2018 8:00,199.628267,OK
4/26/2018 9:00,195.22152,OK
4/26/2018 10:00,175.219802,OK
4/26/2018 11:00,158.262252,OK
4/26/2018 12:00,163.56468,OK
4/26/2018 13:00,158.313548,OK
4/26/2018 14:00,147.935322,OK
4/26/2018 15:00,144.957866,OK
4/26/2018 16:00,143.726416,OK
4/26/2018 17:00,142.373273,OK
4/26/2018 18:00,143.398803,OK
4/26/2018 19:00,141.904997,OK
4/26/2018 20:00,146.568346,OK
4/26/2018 21:00,151.011826,OK
4/26/2018 22:00,153.870499,OK
4/26/2018 23:00,150.118477,OK
4/27/2018 0:00,155.049504,OK
4/27/2018 1:00,153.194652,OK
4/27/2018 2:00,151.386811,OK
4/27/2018 3:00,159.950215,OK
4/27/2018 4:00,155.94832,OK
4/27/2018 5:00,164.851466,OK
4/27/2018 6:00,168.839659,OK
4/27/2018 7:00,177.416412,OK
4/27/2018 8:00,171.473242,OK
4/27/2018 9:00,165.427633,OK
4/27/2018 10:00,163.696885,OK
4/27/2018 11:00,158.969132,OK
4/27/2018 12:00,158.010486,OK
4/27/2018 13:00,155.209816,OK
4/27/2018 14:00,152.194932,OK
4/27/2018 15:00,147.240873,OK
4/27/2018 16:00,145.754706,OK
4/27/2018 17:00,140.792309,OK
4/27/2018 18:00,143.185458,OK
4/27/2018 19:00,142.060023,OK
4/27/2018 20:00,143.828392,OK
4/27/2018 21:00,144.383994,OK
4/27/2018 22:00,138.811417,OK
4/27/2018 23:00,162.242278,OK
4/28/2018 0:00,179.476264,OK
4/28/2018 1:00,184.906405,OK
4/28/2018 2:00,187.02078,OK
4/28/2018 3:00,190.585994,OK
4/28/2018 4:00,192.42358,OK
4/28/2018 5:00,193.438146,OK
4/28/2018 6:00,197.927411,OK
4/28/2018 7:00,198.838375,OK
4/28/2018 8:00,195.705642,OK
4/28/2018 9:00,192.960901,OK
4/28/2018 10:00,181.321862,OK
4/28/2018 11:00,182.540666,OK
4/28/2018 12:00,174.979717,OK
4/28/2018 13:00,167.618567,OK
4/28/2018 14:00,161.506516,OK
4/28/2018 15:00,154.488795,OK
4/28/2018 16:00,153.481176,OK
4/28/2018 17:00,155.667368,OK
4/28/2018 18:00,158.022218,OK
4/28/2018 19:00,158.096438,OK
4/28/2018 20:00,166.366716,OK
4/28/2018 21:00,183.501544,OK
4/28/2018 22:00,209.972207,OK
4/28/2018 23:00,193.088855,OK
4/29/2018 0:00,194.536974,OK
4/29/2018 1:00,192.245166,OK
4/29/2018 2:00,199.498151,OK
4/29/2018 3:00,203.73097,OK
4/29/2018 4:00,205.317447,OK
4/29/2018 5:00,207.442028,OK
4/29/2018 6:00,209.328125,OK
4/29/2018 7:00,205.697797,OK
4/29/2018 8:00,191.819131,OK
4/29/2018 9:00,183.539892,OK
4/29/2018 10:00,176.331167,OK
4/29/2018 11:00,171.450066,OK
4/29/2018 12:00,166.999367,OK
4/29/2018 13:00,159.767658,OK
4/29/2018 14:00,154.070377,OK
4/29/2018 15:00,149.534412,OK
4/29/2018 16:00,146.419689,OK
4/29/2018 17:00,146.079956,OK
4/29/2018 18:00,145.42107,OK
4/29/2018 19:00,145.754012,OK
4/29/2018 20:00,154.228798,OK
4/29/2018 21:00,157.471468,OK
4/29/2018 22:00,171.185214,OK
4/29/2018 23:00,167.746614,OK
4/30/2018 0:00,171.289945,OK
4/30/2018 1:00,172.888605,OK
4/30/2018 2:00,172.372666,OK
4/30/2018 3:00,173.884092,OK
4/30/2018 4:00,177.934045,OK
4/30/2018 5:00,183.236678,OK
4/30/2018 6:00,183.058969,OK
4/30/2018 7:00,183.037463,OK
4/30/2018 8:00,177.853029,OK
4/30/2018 9:00,152.882456,OK
4/30/2018 10:00,154.291769,OK
4/30/2018 11:00,148.212128,OK
4/30/2018 12:00,146.380763,OK
4/30/2018 13:00,146.009761,UNRELIABLE
4/30/2018 14:00,144.057181,UNRELIABLE
4/30/2018 15:00,142.041235,UNRELIABLE
4/30/2018 16:00,134.426898,UNRELIABLE
4/30/2018 17:00,132.662646,UNRELIABLE
4/30/2018 18:00,134.453019,OK
4/30/2018 19:00,143.029193,OK
4/30/2018 20:00,143.042385,OK
4/30/2018 21:00,148.323947,UNRELIABLE
4/30/2018 22:00,151.876712,UNRELIABLE
4/30/2018 23:00,148.447232,UNRELIABLE
5/1/2018 0:00,150.869446,UNRELIABLE
5/1/2018 1:00,146.701124,UNRELIABLE
5/1/2018 2:00,146.124421,UNRELIABLE
5/1/2018 3:00,144.127143,UNRELIABLE
5/1/2018 4:00,146.838731,UNRELIABLE
5/1/2018 5:00,154.454266,UNRELIABLE
5/1/2018 6:00,155.383469,UNRELIABLE
5/1/2018 7:00,156.287958,UNRELIABLE
5/1/2018 8:00,147.623072,UNRELIABLE
5/1/2018 9:00,148.491018,OK
5/1/2018 10:00,142.807099,OK
5/1/2018 11:00,144.268629,UNRELIABLE
5/1/2018 12:00,140.577034,UNRELIABLE
5/1/2018 13:00,139.854442,UNRELIABLE
5/1/2018 14:00,137.642985,OK
5/1/2018 15:00,134.165793,OK
5/1/2018 16:00,132.185401,OK
5/1/2018 17:00,132.647115,OK
5/1/2018 18:00,134.248468,UNRELIABLE
5/1/2018 19:00,135.11668,UNRELIABLE
5/1/2018 20:00,134.641189,UNRELIABLE
5/1/2018 21:00,133.469657,UNRELIABLE
5/1/2018 22:00,134.222093,UNRELIABLE
5/1/2018 23:00,132.438824,UNRELIABLE
5/2/2018 0:00,132.391077,UNRELIABLE
5/2/2018 1:00,128.209178,UNRELIABLE
5/2/2018 2:00,129.335824,UNRELIABLE
5/2/2018 3:00,127.891852,UNRELIABLE
5/2/2018 4:00,126.180013,UNRELIABLE
5/2/2018 5:00,124.981441,UNRELIABLE
5/2/2018 6:00,128.818051,UNRELIABLE
5/2/2018 7:00,132.830801,UNRELIABLE
5/2/2018 8:00,140.351996,UNRELIABLE
5/2/2018 9:00,139.751409,UNRELIABLE
5/2/2018 10:00,137.515048,UNRELIABLE
5/2/2018 11:00,136.314934,UNRELIABLE
5/2/2018 12:00,135.775961,UNRELIABLE
5/2/2018 13:00,135.228229,UNRELIABLE
5/2/2018 14:00,135.152467,UNRELIABLE
5/2/2018 15:00,133.018519,UNRELIABLE
5/2/2018 16:00,131.948862,UNRELIABLE
5/2/2018 17:00,122.362425,UNRELIABLE
5/2/2018 18:00,134.244628,UNRELIABLE
5/2/2018 19:00,137.075555,UNRELIABLE
5/2/2018 20:00,132.281433,UNRELIABLE
5/2/2018 21:00,132.677864,UNRELIABLE
5/2/2018 22:00,131.041739,UNRELIABLE
5/2/2018 23:00,131.501246,UNRELIABLE
5/3/2018 0:00,130.617876,UNRELIABLE
5/3/2018 1:00,127.918225,UNRELIABLE
5/3/2018 2:00,126.001346,UNRELIABLE
5/3/2018 3:00,123.060866,UNRELIABLE
5/3/2018 4:00,121.701589,UNRELIABLE
5/3/2018 5:00,122.413703,UNRELIABLE
5/3/2018 6:00,125.317668,UNRELIABLE
5/3/2018 7:00,131.154044,UNRELIABLE
5/3/2018 8:00,135.851092,UNRELIABLE
5/3/2018 9:00,137.735476,UNRELIABLE
5/3/2018 10:00,138.091357,UNRELIABLE
5/3/2018 11:00,136.845148,UNRELIABLE
5/3/2018 12:00,139.971151,UNRELIABLE
5/3/2018 13:00,137.361439,UNRELIABLE
5/3/2018 14:00,140.41333,UNRELIABLE
5/3/2018 15:00,139.038914,UNRELIABLE
5/3/2018 16:00,137.856617,UNRELIABLE
5/3/2018 17:00,138.744774,UNRELIABLE
5/3/2018 18:00,139.88962,UNRELIABLE
5/3/2018 19:00,139.053357,UNRELIABLE
5/3/2018 20:00,139.681209,UNRELIABLE
5/3/2018 21:00,137.729878,OK
5/3/2018 22:00,136.595096,UNRELIABLE
5/3/2018 23:00,133.624642,UNRELIABLE
5/4/2018 0:00,131.984953,OK
5/4/2018 1:00,125.244385,OK
5/4/2018 2:00,122.057724,OK
5/4/2018 3:00,121.213308,UNRELIABLE
5/4/2018 4:00,119.539359,UNRELIABLE
5/4/2018 5:00,120.957931,UNRELIABLE
5/4/2018 6:00,122.122806,UNRELIABLE
5/4/2018 7:00,130.481345,UNRELIABLE
5/4/2018 8:00,137.203326,UNRELIABLE
5/4/2018 9:00,139.801764,UNRELIABLE
5/4/2018 10:00,139.956473,UNRELIABLE
5/4/2018 11:00,142.627516,UNRELIABLE
5/4/2018 12:00,142.526509,UNRELIABLE
5/4/2018 13:00,146.757108,OK
5/4/2018 14:00,141.528097,UNRELIABLE
5/4/2018 15:00,139.051033,UNRELIABLE
5/4/2018 16:00,140.704614,UNRELIABLE
5/4/2018 17:00,133.292688,UNRELIABLE
5/4/2018 18:00,141.072953,UNRELIABLE
5/4/2018 19:00,139.492249,UNRELIABLE
5/4/2018 20:00,136.454781,UNRELIABLE
5/4/2018 21:00,134.996831,OK
5/4/2018 22:00,136.984301,UNRELIABLE
5/4/2018 23:00,131.804554,OK
5/5/2018 0:00,132.464227,OK
5/5/2018 1:00,130.056501,UNRELIABLE
5/5/2018 2:00,129.047631,UNRELIABLE
5/5/2018 3:00,130.059275,UNRELIABLE
5/5/2018 4:00,126.958799,UNRELIABLE
5/5/2018 5:00,127.36834,UNRELIABLE
5/5/2018 6:00,127.459482,UNRELIABLE
5/5/2018 7:00,129.007534,UNRELIABLE
5/5/2018 8:00,135.473612,UNRELIABLE
5/5/2018 9:00,133.333502,UNRELIABLE
5/5/2018 10:00,132.958899,UNRELIABLE
5/5/2018 11:00,135.457995,UNRELIABLE
5/5/2018 12:00,135.966926,UNRELIABLE
5/5/2018 13:00,137.374498,UNRELIABLE
5/5/2018 14:00,134.133755,UNRELIABLE
5/5/2018 15:00,133.015313,UNRELIABLE
5/5/2018 16:00,132.452435,UNRELIABLE
5/5/2018 17:00,131.488305,UNRELIABLE
5/5/2018 18:00,131.859508,OK
5/5/2018 19:00,124.733758,UNRELIABLE
5/5/2018 20:00,127.851342,UNRELIABLE
5/5/2018 21:00,125.220073,UNRELIABLE
5/5/2018 22:00,124.925556,UNRELIABLE
5/5/2018 23:00,123.251913,UNRELIABLE
5/6/2018 0:00,120.590462,UNRELIABLE
5/6/2018 1:00,122.838584,UNRELIABLE
5/6/2018 2:00,123.208331,UNRELIABLE
5/6/2018 3:00,121.443568,UNRELIABLE
5/6/2018 4:00,122.68537,UNRELIABLE
5/6/2018 5:00,123.0532,UNRELIABLE
5/6/2018 6:00,123.347596,UNRELIABLE
5/6/2018 7:00,121.512654,UNRELIABLE
5/6/2018 8:00,120.601384,UNRELIABLE
5/6/2018 9:00,124.661983,UNRELIABLE
5/6/2018 10:00,116.802714,UNRELIABLE
5/6/2018 11:00,124.520572,UNRELIABLE
5/6/2018 12:00,125.849626,UNRELIABLE
5/6/2018 13:00,130.769445,UNRELIABLE
5/6/2018 14:00,132.166212,UNRELIABLE
5/6/2018 15:00,130.398955,UNRELIABLE
5/6/2018 16:00,127.342216,UNRELIABLE
5/6/2018 17:00,127.008458,UNRELIABLE
5/6/2018 18:00,126.809342,UNRELIABLE
5/6/2018 19:00,130.06016,UNRELIABLE
5/6/2018 20:00,131.572985,UNRELIABLE
5/6/2018 21:00,130.674355,UNRELIABLE
5/6/2018 22:00,134.918434,UNRELIABLE
5/6/2018 23:00,139.056926,UNRELIABLE
5/7/2018 0:00,141.86403,UNRELIABLE
5/7/2018 1:00,139.985936,UNRELIABLE
5/7/2018 2:00,142.437088,UNRELIABLE
5/7/2018 3:00,142.08275,UNRELIABLE
5/7/2018 4:00,144.337527,UNRELIABLE
5/7/2018 5:00,143.243291,OK
5/7/2018 6:00,153.144727,OK
5/7/2018 7:00,150.149522,OK
5/7/2018 8:00,142.105306,OK
5/7/2018 9:00,140.551864,OK
5/7/2018 10:00,141.204849,OK
5/7/2018 11:00,140.565317,OK
5/7/2018 12:00,139.435272,OK
5/7/2018 13:00,140.778775,OK
5/7/2018 14:00,136.666998,OK
5/7/2018 15:00,135.848111,OK
5/7/2018 16:00,129.818228,OK
5/7/2018 17:00,134.049506,OK
5/7/2018 18:00,132.198338,OK
5/7/2018 19:00,133.702056,OK
5/7/2018 20:00,132.158818,OK
5/7/2018 21:00,132.950417,OK
5/7/2018 22:00,130.863401,OK
5/7/2018 23:00,133.144917,OK
5/8/2018 0:00,124.82382,OK
5/8/2018 1:00,127.886615,OK
5/8/2018 2:00,128.216165,OK
5/8/2018 3:00,125.718299,OK
5/8/2018 4:00,130.837998,OK
5/8/2018 5:00,125.469698,OK
5/8/2018 6:00,124.682012,OK
5/8/2018 7:00,134.736268,OK
5/8/2018 8:00,141.348361,OK
5/8/2018 9:00,135.977816,OK
5/8/2018 10:00,133.359912,OK
5/8/2018 11:00,134.644623,OK
5/8/2018 12:00,133.904351,OK
5/8/2018 13:00,132.28082,OK
5/8/2018 14:00,136.136265,OK
5/8/2018 15:00,142.119556,OK
5/8/2018 16:00,152.911115,OK
5/8/2018 17:00,157.136628,OK
5/8/2018 18:00,157.009268,OK
5/8/2018 19:00,159.804698,OK
5/8/2018 20:00,171.198366,OK
5/8/2018 21:00,172.357705,OK
5/8/2018 22:00,158.098001,OK
5/8/2018 23:00,155.750201,OK
5/9/2018 0:00,151.061307,OK
5/9/2018 1:00,161.615559,OK
5/9/2018 2:00,146.420523,OK
5/9/2018 3:00,150.903959,OK
5/9/2018 4:00,148.899651,OK
5/9/2018 5:00,149.495034,OK
5/9/2018 6:00,148.174742,OK
5/9/2018 7:00,166.516782,OK
5/9/2018 8:00,165.395272,OK
5/9/2018 9:00,173.557395,OK
5/9/2018 10:00,165.791923,OK
5/9/2018 11:00,176.111513,OK
5/9/2018 12:00,163.884691,OK
5/9/2018 13:00,159.419995,OK
5/9/2018 14:00,160.928335,OK
5/9/2018 15:00,159.043819,OK
5/9/2018 16:00,155.600901,OK
5/9/2018 17:00,155.763596,OK
5/9/2018 18:00,146.92585,OK
5/9/2018 19:00,150.450557,OK
5/9/2018 20:00,166.198127,OK
5/9/2018 21:00,160.262704,OK
5/9/2018 22:00,161.137815,OK
5/9/2018 23:00,152.388488,OK
5/10/2018 0:00,146.525601,OK
5/10/2018 1:00,136.562431,OK
5/10/2018 2:00,136.031759,OK
5/10/2018 3:00,133.905389,OK
5/10/2018 4:00,134.984352,OK
5/10/2018 5:00,134.713749,OK
5/10/2018 6:00,144.740484,OK
5/10/2018 7:00,151.256245,OK
5/10/2018 8:00,147.548147,OK
5/10/2018 9:00,156.891976,OK
5/10/2018 10:00,175.951609,OK
5/10/2018 11:00,166.146225,OK
5/10/2018 12:00,168.7096,OK
5/10/2018 13:00,173.80956,OK
5/10/2018 14:00,195.64104,OK
5/10/2018 15:00,208.88619,OK
5/10/2018 16:00,186.25082,OK
5/10/2018 17:00,154.684354,OK
5/10/2018 18:00,149.506941,OK
5/10/2018 19:00,147.594955,OK
5/10/2018 20:00,148.827924,OK
5/10/2018 21:00,147.887479,OK
5/10/2018 22:00,155.101419,OK
5/10/2018 23:00,151.063193,OK
5/11/2018 0:00,145.027263,OK
5/11/2018 1:00,141.234923,OK
5/11/2018 2:00,138.004778,OK
5/11/2018 3:00,132.95909,OK
5/11/2018 4:00,137.476867,OK
5/11/2018 5:00,141.01596,OK
5/11/2018 6:00,141.311358,OK
5/11/2018 7:00,151.156569,OK
5/11/2018 8:00,159.493096,OK
5/11/2018 9:00,160.797457,OK
5/11/2018 10:00,162.089166,OK
5/11/2018 11:00,157.732108,OK
5/11/2018 12:00,156.895904,OK
5/11/2018 13:00,155.672189,OK
5/11/2018 14:00,155.642193,OK
5/11/2018 15:00,153.867379,OK
5/11/2018 16:00,152.392378,OK
5/11/2018 17:00,149.242967,OK
5/11/2018 18:00,151.90494,OK
5/11/2018 19:00,145.114262,OK
5/11/2018 20:00,152.144723,OK
5/11/2018 21:00,154.353667,OK
5/11/2018 22:00,145.664057,OK
5/11/2018 23:00,147.549124,OK
5/12/2018 0:00,141.055495,OK
5/12/2018 1:00,142.878358,OK
5/12/2018 2:00,144.334611,OK
5/12/2018 3:00,141.828499,OK
5/12/2018 4:00,136.027868,OK
5/12/2018 5:00,139.509296,OK
5/12/2018 6:00,138.966602,OK
5/12/2018 7:00,138.790732,OK
5/12/2018 8:00,145.622194,OK
5/12/2018 9:00,150.288832,OK
5/12/2018 10:00,157.907054,OK
5/12/2018 11:00,145.232915,OK
5/12/2018 12:00,148.046787,OK
5/12/2018 13:00,148.557565,OK
5/12/2018 14:00,150.336491,OK
5/12/2018 15:00,154.441912,OK
5/12/2018 16:00,149.762722,OK
5/12/2018 17:00,149.83063,OK
5/12/2018 18:00,149.685156,OK
5/12/2018 19:00,149.711233,OK
5/12/2018 20:00,156.819215,OK
5/12/2018 21:00,156.075199,OK
5/12/2018 22:00,153.364125,OK
5/12/2018 23:00,142.567651,OK
5/13/2018 0:00,147.693538,OK
5/13/2018 1:00,142.02435,OK
5/13/2018 2:00,144.532704,OK
5/13/2018 3:00,142.201856,OK
5/13/2018 4:00,137.491615,OK
5/13/2018 5:00,143.225695,OK
5/13/2018 6:00,147.116583,OK
5/13/2018 7:00,147.941936,OK
5/13/2018 8:00,147.146942,OK
5/13/2018 9:00,141.906632,OK
5/13/2018 10:00,144.566771,OK
5/13/2018 11:00,148.767939,OK
5/13/2018 12:00,146.81978,OK
5/13/2018 13:00,156.542348,OK
5/13/2018 14:00,156.731131,OK
5/13/2018 15:00,157.016221,OK
5/13/2018 16:00,158.187725,OK
5/13/2018 17:00,147.412041,OK
5/13/2018 18:00,153.918007,OK
5/13/2018 19:00,152.559313,OK
5/13/2018 20:00,146.945504,OK
5/13/2018 21:00,147.157942,OK
5/13/2018 22:00,151.148967,OK
5/13/2018 23:00,147.100333,OK
5/14/2018 0:00,145.057681,OK
5/14/2018 1:00,137.802256,OK
5/14/2018 2:00,137.137568,OK
5/14/2018 3:00,136.261337,OK
5/14/2018 4:00,139.015264,OK
5/14/2018 5:00,141.084724,OK
5/14/2018 6:00,142.504598,OK
5/14/2018 7:00,146.496335,OK
5/14/2018 8:00,154.681603,OK
5/14/2018 9:00,160.257527,OK
5/14/2018 10:00,153.29235,OK
5/14/2018 11:00,154.508971,OK
5/14/2018 12:00,151.178154,OK
5/14/2018 13:00,151.977316,OK
5/14/2018 14:00,150.938971,OK
5/14/2018 15:00,151.805563,OK
5/14/2018 16:00,150.236707,OK
5/14/2018 17:00,148.021615,OK
5/14/2018 18:00,149.722183,OK
5/14/2018 19:00,145.38909,OK
5/14/2018 20:00,145.633509,OK
5/14/2018 21:00,151.356727,OK
5/14/2018 22:00,151.640542,OK
5/14/2018 23:00,136.356962,OK
5/15/2018 0:00,139.972719,OK
5/15/2018 1:00,137.086054,OK
5/15/2018 2:00,135.72982,OK
5/15/2018 3:00,132.792326,OK
5/15/2018 4:00,134.014116,OK
5/15/2018 5:00,137.8239,OK
5/15/2018 6:00,138.340829,OK
5/15/2018 7:00,141.406884,OK
5/15/2018 8:00,149.340285,OK
5/15/2018 9:00,149.307523,OK
5/15/2018 10:00,155.711504,OK
5/15/2018 11:00,150.799571,OK
5/15/2018 12:00,151.509452,OK
5/15/2018 13:00,150.830671,OK
5/15/2018 14:00,152.637307,OK
5/15/2018 15:00,153.138568,OK
5/15/2018 16:00,153.392174,OK
5/15/2018 17:00,152.66954,OK
5/15/2018 18:00,151.310444,OK
5/15/2018 19:00,140.901972,OK
5/15/2018 20:00,134.510436,OK
5/15/2018 21:00,136.704291,OK
5/15/2018 22:00,137.2086,OK
5/15/2018 23:00,150.998121,OK
5/16/2018 0:00,151.594921,OK
5/16/2018 1:00,144.001225,OK
5/16/2018 2:00,149.660281,OK
5/16/2018 3:00,150.27317,OK
5/16/2018 4:00,148.261568,OK
5/16/2018 5:00,138.224838,OK
5/16/2018 6:00,153.018131,OK
5/16/2018 7:00,156.389748,OK
5/16/2018 8:00,146.172583,OK
5/16/2018 9:00,146.974726,OK
5/16/2018 10:00,149.936703,OK
5/16/2018 11:00,156.129347,OK
5/16/2018 12:00,154.712374,OK
5/16/2018 13:00,157.683841,OK
5/16/2018 14:00,155.459857,OK
5/16/2018 15:00,153.864752,OK
5/16/2018 16:00,148.23114,OK
5/16/2018 17:00,145.864659,OK
5/16/2018 18:00,141.963049,OK
5/16/2018 19:00,140.892028,OK
5/16/2018 20:00,145.886019,OK
5/16/2018 21:00,147.812463,OK
5/16/2018 22:00,146.639532,OK
5/16/2018 23:00,144.368757,OK
5/17/2018 0:00,140.418667,OK
5/17/2018 1:00,146.530054,OK
5/17/2018 2:00,142.86324,OK
5/17/2018 3:00,129.059676,OK
5/17/2018 4:00,132.172878,OK
5/17/2018 5:00,147.115937,OK
5/17/2018 6:00,135.304552,OK
5/17/2018 7:00,139.166095,OK
5/17/2018 8:00,147.337432,OK
5/17/2018 9:00,146.038705,OK
5/17/2018 10:00,129.981835,OK
5/17/2018 11:00,121.39385,OK
5/17/2018 12:00,122.141404,OK
5/17/2018 13:00,120.785456,OK
5/17/2018 14:00,117.638378,OK
5/17/2018 15:00,120.670145,OK
5/17/2018 16:00,117.719362,OK
5/17/2018 17:00,118.03533,OK
5/17/2018 18:00,108.905437,OK
5/17/2018 19:00,110.675067,OK
5/17/2018 20:00,110.227066,OK
5/17/2018 21:00,118.494513,OK
5/17/2018 22:00,106.693337,OK
5/17/2018 23:00,108.3973,OK
5/18/2018 0:00,108.797847,OK
5/18/2018 1:00,108.898361,OK
5/18/2018 2:00,105.516814,OK
5/18/2018 3:00,106.86917,OK
5/18/2018 4:00,104.19288,OK
5/18/2018 5:00,108.785627,OK
5/18/2018 6:00,110.198576,OK
5/18/2018 7:00,116.94799,OK
5/18/2018 8:00,119.061371,OK
5/18/2018 9:00,120.630883,OK
5/18/2018 10:00,118.090071,OK
5/18/2018 11:00,115.342757,OK
5/18/2018 12:00,112.947997,OK
5/18/2018 13:00,116.608476,OK
5/18/2018 14:00,118.040698,OK
5/18/2018 15:00,114.93745,OK
5/18/2018 16:00,112.617482,OK
5/18/2018 17:00,111.059958,OK
5/18/2018 18:00,114.373132,OK
5/18/2018 19:00,108.528002,OK
5/18/2018 20:00,110.807872,OK
5/18/2018 21:00,111.659665,OK
5/18/2018 22:00,109.427917,OK
5/18/2018 23:00,108.135553,OK
5/19/2018 0:00,104.307589,OK
5/19/2018 1:00,104.893673,OK
5/19/2018 2:00,105.862383,OK
5/19/2018 3:00,106.149387,OK
5/19/2018 4:00,104.52884,OK
5/19/2018 5:00,105.812972,OK
5/19/2018 6:00,108.757511,OK
5/19/2018 7:00,108.857696,OK
5/19/2018 8:00,108.237646,OK
5/19/2018 9:00,110.513707,OK
5/19/2018 10:00,110.350641,OK
5/19/2018 11:00,109.757231,OK
5/19/2018 12:00,108.653052,OK
5/19/2018 13:00,108.888772,OK
5/19/2018 14:00,108.986524,OK
5/19/2018 15:00,109.946529,OK
5/19/2018 16:00,110.025206,OK
5/19/2018 17:00,108.55954,OK
5/19/2018 18:00,106.199784,OK
5/19/2018 19:00,106.256664,OK
5/19/2018 20:00,109.527304,OK
5/19/2018 21:00,105.412992,OK
5/19/2018 22:00,105.78837,OK
5/19/2018 23:00,104.467322,OK
5/20/2018 0:00,104.780739,OK
5/20/2018 1:00,104.18651,OK
5/20/2018 2:00,104.288859,OK
5/20/2018 3:00,103.529225,OK
5/20/2018 4:00,107.837877,OK
5/20/2018 5:00,106.897694,OK
5/20/2018 6:00,105.267487,OK
5/20/2018 7:00,105.952509,OK
5/20/2018 8:00,109.63547,OK
5/20/2018 9:00,109.007572,OK
5/20/2018 10:00,108.897712,OK
5/20/2018 11:00,111.848895,OK
5/20/2018 12:00,109.493468,OK
5/20/2018 13:00,108.89829,OK
5/20/2018 14:00,112.33591,OK
5/20/2018 15:00,111.402512,OK
5/20/2018 16:00,116.172886,OK
5/20/2018 17:00,109.767367,OK
5/20/2018 18:00,109.687307,OK
5/20/2018 19:00,108.012024,OK
5/20/2018 20:00,109.824867,OK
5/20/2018 21:00,108.853097,OK
5/20/2018 22:00,107.501829,OK
5/20/2018 23:00,110.453775,OK
5/21/2018 0:00,113.090584,OK
5/21/2018 1:00,110.211059,OK
5/21/2018 2:00,111.0269,OK
5/21/2018 3:00,110.217812,OK
5/21/2018 4:00,110.470744,OK
5/21/2018 5:00,113.59995,OK
5/21/2018 6:00,112.822243,OK
5/21/2018 7:00,117.126759,OK
5/21/2018 8:00,120.111892,OK
5/21/2018 9:00,121.827933,OK
5/21/2018 10:00,120.077136,OK
5/21/2018 11:00,123.32637,OK
5/21/2018 12:00,122.866155,OK
5/21/2018 13:00,123.174717,OK
5/21/2018 14:00,121.499438,OK
5/21/2018 15:00,121.266307,OK
5/21/2018 16:00,121.065051,OK
5/21/2018 17:00,118.966211,OK
5/21/2018 18:00,121.956433,OK
5/21/2018 19:00,116.947213,OK
5/21/2018 20:00,115.161554,OK
5/21/2018 21:00,118.612193,OK
5/21/2018 22:00,111.099181,OK
5/21/2018 23:00,108.226494,OK
5/22/2018 0:00,106.131625,OK
5/22/2018 1:00,106.111772,OK
5/22/2018 2:00,108.895082,OK
5/22/2018 3:00,105.323771,OK
5/22/2018 4:00,107.248349,OK
5/22/2018 5:00,108.13046,OK
5/22/2018 6:00,110.022143,OK
5/22/2018 7:00,113.705277,OK
5/22/2018 8:00,119.254442,OK
5/22/2018 9:00,117.505819,OK
5/22/2018 10:00,118.787989,OK
5/22/2018 11:00,116.747555,OK
5/22/2018 12:00,118.330051,OK
5/22/2018 13:00,117.626193,OK
5/22/2018 14:00,120.476494,OK
5/22/2018 15:00,116.096874,OK
5/22/2018 16:00,113.644014,OK
5/22/2018 17:00,113.506354,OK
5/22/2018 18:00,115.147564,OK
5/22/2018 19:00,112.019582,OK
5/22/2018 20:00,113.423294,OK
5/22/2018 21:00,111.005434,OK
5/22/2018 22:00,108.931161,OK
5/22/2018 23:00,109.53122,OK
5/23/2018 0:00,107.579118,OK
5/23/2018 1:00,108.672416,OK
5/23/2018 2:00,110.806371,OK
5/23/2018 3:00,108.458869,OK
5/23/2018 4:00,115.12288,OK
5/23/2018 5:00,115.185134,OK
5/23/2018 6:00,115.794976,OK
5/23/2018 7:00,119.977006,OK
5/23/2018 8:00,122.379507,OK
5/23/2018 9:00,118.205428,OK
5/23/2018 10:00,119.220529,OK
5/23/2018 11:00,119.197473,OK
5/23/2018 12:00,119.129755,OK
5/23/2018 13:00,118.391518,OK
5/23/2018 14:00,118.650448,OK
5/23/2018 15:00,118.304006,OK
5/23/2018 16:00,115.072068,OK
5/23/2018 17:00,114.186916,OK
5/23/2018 18:00,115.026054,OK
5/23/2018 19:00,113.704797,OK
5/23/2018 20:00,114.754186,OK
5/23/2018 21:00,112.444517,OK
5/23/2018 22:00,109.135033,OK
5/23/2018 23:00,107.294824,OK
5/24/2018 0:00,108.166043,OK
5/24/2018 1:00,105.570413,OK
5/24/2018 2:00,110.184554,OK
5/24/2018 3:00,108.365375,OK
5/24/2018 4:00,107.602126,OK
5/24/2018 5:00,109.303904,OK
5/24/2018 6:00,108.043299,OK
5/24/2018 7:00,110.925331,OK
5/24/2018 8:00,114.894367,OK
5/24/2018 9:00,117.952042,OK
5/24/2018 10:00,116.592114,OK
5/24/2018 11:00,114.213352,OK
5/24/2018 12:00,115.511664,OK
5/24/2018 13:00,117.100253,OK
5/24/2018 14:00,114.404192,OK
5/24/2018 15:00,114.537729,OK
5/24/2018 16:00,114.067556,OK
5/24/2018 17:00,111.667732,OK
5/24/2018 18:00,110.976536,OK
5/24/2018 19:00,109.458052,OK
5/24/2018 20:00,106.596513,OK
5/24/2018 21:00,111.411774,OK
5/24/2018 22:00,105.578474,OK
5/24/2018 23:00,106.123027,OK
5/25/2018 0:00,105.576026,OK
5/25/2018 1:00,103.543511,OK
5/25/2018 2:00,102.003148,OK
5/25/2018 3:00,102.841075,OK
5/25/2018 4:00,102.487986,OK
5/25/2018 5:00,105.021787,OK
5/25/2018 6:00,106.377918,OK
5/25/2018 7:00,107.225351,OK
5/25/2018 8:00,112.65833,OK
5/25/2018 9:00,112.28855,OK
5/25/2018 10:00,112.591739,OK
5/25/2018 11:00,114.187125,OK
5/25/2018 12:00,112.680423,OK
5/25/2018 13:00,113.183016,OK
5/25/2018 14:00,112.354207,OK
5/25/2018 15:00,107.936305,OK
5/25/2018 16:00,108.231621,OK
5/25/2018 17:00,107.382468,OK
5/25/2018 18:00,105.953149,OK
5/25/2018 19:00,106.082097,OK
5/25/2018 20:00,105.847321,OK
5/25/2018 21:00,104.808136,OK
5/25/2018 22:00,104.88351,OK
5/25/2018 23:00,100.214161,OK
5/26/2018 0:00,102.37681,OK
5/26/2018 1:00,101.094274,OK
5/26/2018 2:00,100.932771,OK
5/26/2018 3:00,100.587502,OK
5/26/2018 4:00,100.058116,OK
5/26/2018 5:00,100.949125,OK
5/26/2018 6:00,100.324438,OK
5/26/2018 7:00,104.713749,OK
5/26/2018 8:00,109.247093,OK
5/26/2018 9:00,106.144426,OK
5/26/2018 10:00,107.0885,OK
5/26/2018 11:00,108.315539,OK
5/26/2018 12:00,106.305187,OK
5/26/2018 13:00,100.568166,OK
5/26/2018 14:00,97.451126,OK
5/26/2018 15:00,96.517215,OK
5/26/2018 16:00,93.165022,OK
5/26/2018 17:00,91.810973,OK
5/26/2018 18:00,91.396611,OK
5/26/2018 19:00,90.575066,OK
5/26/2018 20:00,93.640302,OK
5/26/2018 21:00,91.722121,OK
5/26/2018 22:00,91.04562,OK
5/26/2018 23:00,88.907824,OK
5/27/2018 0:00,89.236994,OK
5/27/2018 1:00,88.041247,OK
5/27/2018 2:00,87.554305,OK
5/27/2018 3:00,89.968377,OK
5/27/2018 4:00,86.463958,OK
5/27/2018 5:00,89.465697,OK
5/27/2018 6:00,87.972784,OK
5/27/2018 7:00,91.223235,OK
5/27/2018 8:00,90.740924,OK
5/27/2018 9:00,89.57247,OK
5/27/2018 10:00,86.865838,OK
5/27/2018 11:00,91.283962,OK
5/27/2018 12:00,91.113697,OK
5/27/2018 13:00,88.732464,OK
5/27/2018 14:00,89.784641,OK
5/27/2018 15:00,91.391928,OK
5/27/2018 16:00,93.187353,OK
5/27/2018 17:00,89.934884,OK
5/27/2018 18:00,90.205776,OK
5/27/2018 19:00,87.74091,OK
5/27/2018 20:00,91.127441,OK
5/27/2018 21:00,88.372602,OK
5/27/2018 22:00,89.301813,OK
5/27/2018 23:00,88.451213,OK
5/28/2018 0:00,88.571476,OK
5/28/2018 1:00,86.664483,OK
5/28/2018 2:00,87.318193,OK
5/28/2018 3:00,84.774893,OK
5/28/2018 4:00,88.470767,OK
5/28/2018 5:00,86.71873,OK
5/28/2018 6:00,90.334354,OK
5/28/2018 7:00,91.592356,OK
5/28/2018 8:00,94.926307,OK
5/28/2018 9:00,94.974413,OK
5/28/2018 10:00,96.31923,OK
5/28/2018 11:00,93.69438,OK
5/28/2018 12:00,92.553898,OK
5/28/2018 13:00,96.297173,OK
5/28/2018 14:00,95.148318,OK
5/28/2018 15:00,95.517392,OK
5/28/2018 16:00,94.782591,OK
5/28/2018 17:00,92.293351,OK
5/28/2018 18:00,94.644976,OK
5/28/2018 19:00,92.2157,OK
5/28/2018 20:00,93.338083,OK
5/28/2018 21:00,92.412538,OK
5/28/2018 22:00,90.619188,OK
5/28/2018 23:00,87.984053,OK
5/29/2018 0:00,89.872747,OK
5/29/2018 1:00,86.714417,OK
5/29/2018 2:00,86.732266,OK
5/29/2018 3:00,87.236797,OK
5/29/2018 4:00,86.251518,OK
5/29/2018 5:00,89.619602,OK
5/29/2018 6:00,88.200327,OK
5/29/2018 7:00,92.433088,OK
5/29/2018 8:00,96.726599,OK
5/29/2018 9:00,100.293939,OK
5/29/2018 10:00,95.939034,OK
5/29/2018 11:00,97.685813,OK
5/29/2018 12:00,98.742546,OK
5/29/2018 13:00,98.018166,OK
5/29/2018 14:00,100.765254,OK
5/29/2018 15:00,96.384658,OK
5/29/2018 16:00,96.048899,OK
5/29/2018 17:00,96.590284,OK
5/29/2018 18:00,95.580434,OK
5/29/2018 19:00,92.260105,OK
5/29/2018 20:00,91.740737,OK
5/29/2018 21:00,95.509145,OK
5/29/2018 22:00,91.692812,OK
5/29/2018 23:00,91.253471,OK
5/30/2018 0:00,88.85066,OK
5/30/2018 1:00,89.459589,OK
5/30/2018 2:00,88.421887,OK
5/30/2018 3:00,87.578536,OK
5/30/2018 4:00,85.477805,OK
5/30/2018 5:00,87.144321,OK
5/30/2018 6:00,88.689786,OK
5/30/2018 7:00,90.843366,OK
5/30/2018 8:00,96.5215,OK
5/30/2018 9:00,96.619249,OK
5/30/2018 10:00,96.47161,OK
5/30/2018 11:00,97.511082,OK
5/30/2018 12:00,96.270405,OK
5/30/2018 13:00,97.323492,OK
5/30/2018 14:00,98.987298,OK
5/30/2018 15:00,98.992895,OK
5/30/2018 16:00,98.613515,OK
5/30/2018 17:00,97.851294,OK
5/30/2018 18:00,96.948875,OK
5/30/2018 19:00,95.577964,OK
5/30/2018 20:00,93.212735,OK
5/30/2018 21:00,95.045723,OK
5/30/2018 22:00,93.860519,OK
5/30/2018 23:00,90.016749,OK
5/31/2018 0:00,90.313613,OK
5/31/2018 1:00,90.572121,OK
5/31/2018 2:00,89.249596,OK
5/31/2018 3:00,91.661973,OK
5/31/2018 4:00,89.760359,OK
5/31/2018 5:00,92.245785,OK
5/31/2018 6:00,93.279954,OK
5/31/2018 7:00,95.329912,OK
5/31/2018 8:00,98.546184,OK
5/31/2018 9:00,99.24968,OK
5/31/2018 10:00,96.225986,OK
5/31/2018 11:00,97.467184,OK
5/31/2018 12:00,100.896788,OK
5/31/2018 13:00,99.393504,OK
5/31/2018 14:00,97.643438,OK
5/31/2018 15:00,102.919945,OK
5/31/2018 16:00,98.146723,OK
5/31/2018 17:00,98.760898,OK
5/31/2018 18:00,100.689109,OK
5/31/2018 19:00,101.866435,OK
5/31/2018 20:00,101.829021,OK
5/31/2018 21:00,98.949334,OK
5/31/2018 22:00,96.677485,OK
5/31/2018 23:00,94.614884,OK
6/1/2018 0:00,95.372312,OK
6/1/2018 1:00,92.962747,OK
6/1/2018 2:00,94.744134,OK
6/1/2018 3:00,93.556521,OK
6/1/2018 4:00,95.58015,OK
6/1/2018 5:00,95.293061,OK
6/1/2018 6:00,95.733672,OK
6/1/2018 7:00,100.195226,OK
6/1/2018 8:00,102.18115,OK
6/1/2018 9:00,103.336815,OK
6/1/2018 10:00,103.522057,OK
6/1/2018 11:00,103.691508,OK
6/1/2018 12:00,101.600259,OK
6/1/2018 13:00,98.303229,OK
6/1/2018 14:00,102.038073,OK
6/1/2018 15:00,99.442777,OK
6/1/2018 16:00,102.389721,OK
6/1/2018 17:00,96.473142,OK
6/1/2018 18:00,99.230035,OK
6/1/2018 19:00,96.07232,OK
6/1/2018 20:00,95.211255,OK
6/1/2018 21:00,96.384246,OK
6/1/2018 22:00,98.949442,OK
6/1/2018 23:00,94.060015,OK
6/2/2018 0:00,97.628563,OK
6/2/2018 1:00,97.002938,OK
6/2/2018 2:00,96.991599,OK
6/2/2018 3:00,100.606698,OK
6/2/2018 4:00,98.210779,OK
6/2/2018 5:00,102.631372,OK
6/2/2018 6:00,101.731343,OK
6/2/2018 7:00,97.889244,OK
6/2/2018 8:00,98.219382,OK
6/2/2018 9:00,92.382516,OK
6/2/2018 10:00,93.74186,OK
6/2/2018 11:00,92.59804,OK
6/2/2018 12:00,90.61228,OK
6/2/2018 13:00,94.42797,OK
6/2/2018 14:00,92.76013,OK
6/2/2018 15:00,93.28101,OK
6/2/2018 16:00,91.78174,OK
6/2/2018 17:00,93.07818,OK
6/2/2018 18:00,90.94814,OK
6/2/2018 19:00,90.88789,OK
6/2/2018 20:00,94.07995,OK
6/2/2018 21:00,90.373247,OK
6/2/2018 22:00,91.11364,OK
6/2/2018 23:00,89.926998,OK
6/3/2018 0:00,87.471488,OK
6/3/2018 1:00,87.887785,OK
6/3/2018 2:00,88.689668,OK
6/3/2018 3:00,87.41246,OK
6/3/2018 4:00,88.635637,OK
6/3/2018 5:00,91.7167,OK
6/3/2018 6:00,89.96064,OK
6/3/2018 7:00,91.57891,OK
6/3/2018 8:00,94.44403,OK
6/3/2018 9:00,93.85852,OK
6/3/2018 10:00,94.8731,OK
6/3/2018 11:00,96.81025,OK
6/3/2018 12:00,95.48283,OK
6/3/2018 13:00,97.95116,OK
6/3/2018 14:00,97.35632,OK
6/3/2018 15:00,97.75867,OK
6/3/2018 16:00,96.3363,OK
6/3/2018 17:00,94.86282,OK
6/3/2018 18:00,93.29328,OK
6/3/2018 19:00,95.48693,OK
6/3/2018 20:00,94.41807,OK
6/3/2018 21:00,97.78597,OK
6/3/2018 22:00,94.7687,OK
6/3/2018 23:00,95.49297,OK
6/4/2018 0:00,98.60819,OK
6/4/2018 1:00,94.85863,OK
6/4/2018 2:00,98.31894,OK
6/4/2018 3:00,100.0765,OK
6/4/2018 4:00,95.90089,OK
6/4/2018 5:00,100.3711,OK
6/4/2018 6:00,101.91458,OK
6/4/2018 7:00,102.21337,OK
6/4/2018 8:00,104.2827,OK
6/4/2018 9:00,108.73912,OK
6/4/2018 10:00,105.85742,OK
6/4/2018 11:00,105.96928,OK
6/4/2018 12:00,104.7022,OK
6/4/2018 13:00,105.74502,OK
6/4/2018 14:00,106.10646,OK
6/4/2018 15:00,104.88378,OK
6/4/2018 16:00,100.54695,OK
6/4/2018 17:00,99.11996,OK
6/4/2018 18:00,101.98744,OK
6/4/2018 19:00,101.19104,OK
6/4/2018 20:00,99.55201,OK
6/4/2018 21:00,100.91243,OK
6/4/2018 22:00,97.22161,OK
6/4/2018 23:00,95.11173,OK
6/5/2018 0:00,95.55763,OK
6/5/2018 1:00,93.49306,OK
6/5/2018 2:00,96.86458,OK
6/5/2018 3:00,92.5087,OK
6/5/2018 4:00,94.14381,OK
6/5/2018 5:00,97.59136,OK
6/5/2018 6:00,97.66264,OK
6/5/2018 7:00,101.15196,OK
6/5/2018 8:00,103.76533,OK
6/5/2018 9:00,103.35329,OK
6/5/2018 10:00,101.04474,OK
6/5/2018 11:00,102.67672,OK
6/5/2018 12:00,103.38339,OK
6/5/2018 13:00,101.19805,OK
6/5/2018 14:00,106.10768,OK
6/5/2018 15:00,101.33304,OK
6/5/2018 16:00,98.92434,OK
6/5/2018 17:00,96.26135,OK
6/5/2018 18:00,98.05756,OK
6/5/2018 19:00,97.14386,OK
6/5/2018 20:00,98.53759,OK
6/5/2018 21:00,100.43828,OK
6/5/2018 22:00,101.10898,OK
6/5/2018 23:00,100.93763,OK
6/6/2018 0:00,104.67237,OK
6/6/2018 1:00,100.30575,OK
6/6/2018 2:00,100.46704,OK
6/6/2018 3:00,103.8668,OK
6/6/2018 4:00,104.23149,OK
6/6/2018 5:00,102.83927,OK
6/6/2018 6:00,106.3683,OK
6/6/2018 7:00,87.141572,OK
6/6/2018 8:00,102.22557,OK
6/6/2018 9:00,103.49031,OK
6/6/2018 10:00,101.97853,OK
6/6/2018 11:00,101.77118,OK
6/6/2018 12:00,100.2284,OK
6/6/2018 13:00,99.68984,OK
6/6/2018 14:00,99.85605,OK
6/6/2018 15:00,97.48528,OK
6/6/2018 16:00,97.931113,OK
6/6/2018 17:00,94.45622,OK
6/6/2018 18:00,96.622594,OK
6/6/2018 19:00,95.472176,OK
6/6/2018 20:00,95.164144,OK
6/6/2018 21:00,97.415781,OK
6/6/2018 22:00,93.085627,OK
6/6/2018 23:00,92.697366,OK
6/7/2018 0:00,92.432035,OK
6/7/2018 1:00,91.442547,OK
6/7/2018 2:00,90.267176,OK
6/7/2018 3:00,90.140154,OK
6/7/2018 4:00,90.69413,OK
6/7/2018 5:00,92.110994,OK
6/7/2018 6:00,93.1123,OK
6/7/2018 7:00,100.469315,OK
6/7/2018 8:00,103.011422,OK
6/7/2018 9:00,104.374508,OK
6/7/2018 10:00,103.745903,OK
6/7/2018 11:00,104.724132,OK
6/7/2018 12:00,104.410168,OK
6/7/2018 13:00,102.81034,OK
6/7/2018 14:00,104.505091,OK
6/7/2018 15:00,101.537638,OK
6/7/2018 16:00,102.81455,OK
6/7/2018 17:00,101.383042,OK
6/7/2018 18:00,100.916048,OK
6/7/2018 19:00,98.689573,OK
6/7/2018 20:00,98.150394,OK
6/7/2018 21:00,98.250116,OK
6/7/2018 22:00,96.945399,OK
6/7/2018 23:00,96.139043,OK
6/8/2018 0:00,93.770306,OK
6/8/2018 1:00,93.682033,OK
6/8/2018 2:00,93.469354,OK
6/8/2018 3:00,93.473699,OK
6/8/2018 4:00,93.563174,OK
6/8/2018 5:00,95.242647,OK
6/8/2018 6:00,95.986924,OK
6/8/2018 7:00,99.805275,OK
6/8/2018 8:00,103.710981,OK
6/8/2018 9:00,102.926843,OK
6/8/2018 10:00,101.050817,OK
6/8/2018 11:00,101.824385,OK
6/8/2018 12:00,100.566883,OK
6/8/2018 13:00,103.180831,OK
6/8/2018 14:00,104.186044,OK
6/8/2018 15:00,102.201865,OK
6/8/2018 16:00,100.320265,OK
6/8/2018 17:00,102.737433,OK
6/8/2018 18:00,98.2627,OK
6/8/2018 19:00,94.488375,OK
6/8/2018 20:00,95.826362,OK
6/8/2018 21:00,95.374153,OK
6/8/2018 22:00,93.504323,OK
6/8/2018 23:00,92.326201,OK
6/9/2018 0:00,94.673894,OK
6/9/2018 1:00,91.695839,OK
6/9/2018 2:00,92.870846,OK
6/9/2018 3:00,91.950517,OK
6/9/2018 4:00,91.840417,OK
6/9/2018 5:00,91.546722,OK
6/9/2018 6:00,94.112764,OK
6/9/2018 7:00,94.246308,OK
6/9/2018 8:00,96.808577,OK
6/9/2018 9:00,97.819216,OK
6/9/2018 10:00,103.329172,OK
6/9/2018 11:00,101.534994,OK
6/9/2018 12:00,99.024252,OK
6/9/2018 13:00,98.746691,OK
6/9/2018 14:00,100.446338,OK
6/9/2018 15:00,98.359915,OK
6/9/2018 16:00,98.605236,OK
6/9/2018 17:00,97.564271,OK
6/9/2018 18:00,96.144314,OK
6/9/2018 19:00,94.183207,OK
6/9/2018 20:00,94.614882,OK
6/9/2018 21:00,95.337556,OK
6/9/2018 22:00,94.488451,OK
6/9/2018 23:00,94.742668,OK
6/10/2018 0:00,96.849956,OK
6/10/2018 1:00,94.835382,OK
6/10/2018 2:00,94.233496,OK
6/10/2018 3:00,93.189067,OK
6/10/2018 4:00,94.890048,OK
6/10/2018 5:00,96.558514,OK
6/10/2018 6:00,97.724939,OK
6/10/2018 7:00,98.287026,OK
6/10/2018 8:00,102.28623,OK
6/10/2018 9:00,102.158062,OK
6/10/2018 10:00,101.432948,OK
6/10/2018 11:00,101.807045,OK
6/10/2018 12:00,102.196578,OK
6/10/2018 13:00,98.416096,OK
6/10/2018 14:00,100.438337,OK
6/10/2018 15:00,106.908783,OK
6/10/2018 16:00,105.105507,OK
6/10/2018 17:00,105.042952,OK
6/10/2018 18:00,105.423741,OK
6/10/2018 19:00,102.184194,OK
6/10/2018 20:00,100.982697,OK
6/10/2018 21:00,98.706732,OK
6/10/2018 22:00,99.901508,OK
6/10/2018 23:00,97.595602,OK
6/11/2018 0:00,99.212864,OK
6/11/2018 1:00,96.116367,OK
6/11/2018 2:00,97.21972,OK
6/11/2018 3:00,96.308896,OK
6/11/2018 4:00,96.628172,OK
6/11/2018 5:00,98.760803,OK
6/11/2018 6:00,99.546678,OK
6/11/2018 7:00,102.895565,OK
6/11/2018 8:00,106.808457,OK
6/11/2018 9:00,114.132316,OK
6/11/2018 10:00,111.297547,OK
6/11/2018 11:00,110.997946,OK
6/11/2018 12:00,112.309937,OK
6/11/2018 13:00,111.177834,OK
6/11/2018 14:00,110.11501,OK
6/11/2018 15:00,108.408793,OK
6/11/2018 16:00,108.938637,OK
6/11/2018 17:00,107.183182,OK
6/11/2018 18:00,107.941187,OK
6/11/2018 19:00,106.228859,OK
6/11/2018 20:00,104.142837,OK
6/11/2018 21:00,103.565311,OK
6/11/2018 22:00,100.483933,OK
6/11/2018 23:00,99.857164,OK
6/12/2018 0:00,99.563737,OK
6/12/2018 1:00,95.952882,OK
6/12/2018 2:00,98.527807,OK
6/12/2018 3:00,99.592491,OK
6/12/2018 4:00,99.477181,OK
6/12/2018 5:00,99.193675,OK
6/12/2018 6:00,100.628305,OK
6/12/2018 7:00,107.261428,OK
6/12/2018 8:00,110.451922,OK
6/12/2018 9:00,117.0985,OK
6/12/2018 10:00,112.480517,OK
6/12/2018 11:00,113.778285,OK
6/12/2018 12:00,111.011907,OK
6/12/2018 13:00,112.803413,OK
6/12/2018 14:00,111.032568,OK
6/12/2018 15:00,111.565681,OK
6/12/2018 16:00,105.972722,OK
6/12/2018 17:00,102.897211,OK
6/12/2018 18:00,105.259819,OK
6/12/2018 19:00,102.74901,OK
6/12/2018 20:00,100.905385,OK
6/12/2018 21:00,99.13828,OK
6/12/2018 22:00,95.49662,OK
6/12/2018 23:00,95.73845,OK
6/13/2018 0:00,95.402321,OK
6/13/2018 1:00,93.624604,OK
6/13/2018 2:00,93.686786,OK
6/13/2018 3:00,93.163179,OK
6/13/2018 4:00,95.607132,OK
6/13/2018 5:00,97.44026,OK
6/13/2018 6:00,100.112314,OK
6/13/2018 7:00,102.06402,OK
6/13/2018 8:00,104.7348,OK
6/13/2018 9:00,108.695662,OK
6/13/2018 10:00,105.386724,OK
6/13/2018 11:00,106.216763,OK
6/13/2018 12:00,106.287602,OK
6/13/2018 13:00,104.604897,OK
6/13/2018 14:00,105.126307,OK
6/13/2018 15:00,105.101469,OK
6/13/2018 16:00,107.482502,OK
6/13/2018 17:00,104.075092,OK
6/13/2018 18:00,104.809474,OK
6/13/2018 19:00,102.476365,OK
6/13/2018 20:00,102.627745,OK
6/13/2018 21:00,104.270914,OK
6/13/2018 22:00,100.878268,OK
6/13/2018 23:00,101.268795,OK
6/14/2018 0:00,99.622426,OK
6/14/2018 1:00,97.436372,OK
6/14/2018 2:00,97.663201,OK
6/14/2018 3:00,96.153649,OK
6/14/2018 4:00,98.706389,OK
6/14/2018 5:00,98.290314,OK
6/14/2018 6:00,100.072187,OK
6/14/2018 7:00,105.42304,OK
6/14/2018 8:00,108.253996,OK
6/14/2018 9:00,110.049007,OK
6/14/2018 10:00,115.07626,OK
6/14/2018 11:00,105.505655,OK
6/14/2018 12:00,107.593902,OK
6/14/2018 13:00,106.429652,OK
6/14/2018 14:00,104.604657,OK
6/14/2018 15:00,104.235156,OK
6/14/2018 16:00,105.48217,OK
6/14/2018 17:00,105.131884,OK
6/14/2018 18:00,106.035949,OK
6/14/2018 19:00,103.660379,OK
6/14/2018 20:00,103.06394,OK
6/14/2018 21:00,103.022311,OK
6/14/2018 22:00,98.562816,OK
6/14/2018 23:00,98.62003,OK
6/15/2018 0:00,98.098638,OK
6/15/2018 1:00,97.181813,OK
6/15/2018 2:00,97.344687,OK
6/15/2018 3:00,96.800841,OK
6/15/2018 4:00,97.742158,OK
6/15/2018 5:00,99.073718,OK
6/15/2018 6:00,99.671612,OK
6/15/2018 7:00,104.740702,OK
6/15/2018 8:00,105.911219,OK
6/15/2018 9:00,107.005169,OK
6/15/2018 10:00,105.395402,OK
6/15/2018 11:00,105.401386,OK
6/15/2018 12:00,103.894211,OK
6/15/2018 13:00,102.542467,OK
6/15/2018 14:00,102.716373,OK
6/15/2018 15:00,99.781993,OK
6/15/2018 16:00,98.982189,OK
6/15/2018 17:00,98.571661,OK
6/15/2018 18:00,98.378012,OK
6/15/2018 19:00,95.217345,OK
6/15/2018 20:00,96.048454,OK
6/15/2018 21:00,96.707951,OK
6/15/2018 22:00,93.488983,OK
6/15/2018 23:00,94.928528,OK
6/16/2018 0:00,94.637296,OK
6/16/2018 1:00,93.274578,OK
6/16/2018 2:00,91.403635,OK
6/16/2018 3:00,91.136303,OK
6/16/2018 4:00,92.033932,OK
6/16/2018 5:00,92.651087,OK
6/16/2018 6:00,94.079802,OK
6/16/2018 7:00,94.999232,OK
6/16/2018 8:00,96.47849,OK
6/16/2018 9:00,119.380553,OK
6/16/2018 10:00,128.877072,OK
6/16/2018 11:00,131.045312,OK
6/16/2018 12:00,129.359524,OK
6/16/2018 13:00,129.490278,OK
6/16/2018 14:00,128.375759,OK
6/16/2018 15:00,126.463328,OK
6/16/2018 16:00,125.648269,OK
6/16/2018 17:00,125.728319,OK
6/16/2018 18:00,124.813055,OK
6/16/2018 19:00,124.037964,OK
6/16/2018 20:00,125.563752,OK
6/16/2018 21:00,126.959997,OK
6/16/2018 22:00,128.989389,OK
6/16/2018 23:00,124.974169,OK
6/17/2018 0:00,121.574625,OK
6/17/2018 1:00,122.744157,OK
6/17/2018 2:00,121.805131,OK
6/17/2018 3:00,120.753304,OK
6/17/2018 4:00,120.33424,OK
6/17/2018 5:00,118.363989,OK
6/17/2018 6:00,118.868001,OK
6/17/2018 7:00,119.776995,OK
6/17/2018 8:00,119.332341,OK
6/17/2018 9:00,119.976089,OK
6/17/2018 10:00,124.887371,OK
6/17/2018 11:00,123.197846,OK
6/17/2018 12:00,123.340867,OK
6/17/2018 13:00,121.622265,OK
6/17/2018 14:00,125.161223,OK
6/17/2018 15:00,126.813528,OK
6/17/2018 16:00,126.378054,OK
6/17/2018 17:00,126.264232,OK
6/17/2018 18:00,123.089465,OK
6/17/2018 19:00,123.657311,OK
6/17/2018 20:00,122.018493,OK
6/17/2018 21:00,124.396469,OK
6/17/2018 22:00,125.093683,OK
6/17/2018 23:00,124.518712,OK
6/18/2018 0:00,125.890345,OK
6/18/2018 1:00,124.252473,OK
6/18/2018 2:00,123.638178,OK
6/18/2018 3:00,122.292887,OK
6/18/2018 4:00,122.397799,OK
6/18/2018 5:00,123.549685,OK
6/18/2018 6:00,125.91522,OK
6/18/2018 7:00,127.848307,OK
6/18/2018 8:00,128.883664,OK
6/18/2018 9:00,129.178386,OK
6/18/2018 10:00,131.679867,OK
6/18/2018 11:00,130.085834,OK
6/18/2018 12:00,131.940512,OK
6/18/2018 13:00,135.341057,OK
6/18/2018 14:00,135.646096,OK
6/18/2018 15:00,129.97792,OK
6/18/2018 16:00,132.327709,OK
6/18/2018 17:00,130.375678,OK
6/18/2018 18:00,131.822431,OK
6/18/2018 19:00,130.148426,OK
6/18/2018 20:00,131.263229,OK
6/18/2018 21:00,131.165823,OK
6/18/2018 22:00,128.216977,OK
6/18/2018 23:00,128.466897,OK
6/19/2018 0:00,127.612691,OK
6/19/2018 1:00,125.904871,OK
6/19/2018 2:00,126.490113,OK
6/19/2018 3:00,126.090027,OK
6/19/2018 4:00,123.949699,OK
6/19/2018 5:00,124.435744,OK
6/19/2018 6:00,125.764648,OK
6/19/2018 7:00,127.31227,OK
6/19/2018 8:00,126.850428,OK
6/19/2018 9:00,127.896362,OK
6/19/2018 10:00,131.709724,OK
6/19/2018 11:00,142.380639,OK
6/19/2018 12:00,146.062261,OK
6/19/2018 13:00,147.959551,OK
6/19/2018 14:00,116.01605,OK
6/19/2018 15:00,146.922246,OK
6/19/2018 16:00,144.288356,OK
6/19/2018 17:00,140.909509,OK
6/19/2018 18:00,143.124218,OK
6/19/2018 19:00,140.994922,OK
6/19/2018 20:00,140.100585,OK
6/19/2018 21:00,140.914538,OK
6/19/2018 22:00,138.941459,OK
6/19/2018 23:00,139.874453,OK
6/20/2018 0:00,137.249191,OK
6/20/2018 1:00,139.501808,OK
6/20/2018 2:00,139.751826,OK
6/20/2018 3:00,138.203626,OK
6/20/2018 4:00,139.454001,OK
6/20/2018 5:00,140.301537,OK
6/20/2018 6:00,141.204625,OK
6/20/2018 7:00,145.786965,OK
6/20/2018 8:00,147.372808,OK
6/20/2018 9:00,146.314027,OK
6/20/2018 10:00,117.44874,OK
6/20/2018 11:00,117.055215,OK
6/20/2018 12:00,143.182846,OK
6/20/2018 13:00,140.958228,OK
6/20/2018 14:00,140.681141,OK
6/20/2018 15:00,141.377776,OK
6/20/2018 16:00,140.669417,OK
6/20/2018 17:00,139.22298,OK
6/20/2018 18:00,143.2598,OK
6/20/2018 19:00,140.543144,OK
6/20/2018 20:00,138.583719,OK
6/20/2018 21:00,139.454874,OK
6/20/2018 22:00,137.011456,OK
6/20/2018 23:00,137.22944,OK
6/21/2018 0:00,134.190779,OK
6/21/2018 1:00,133.825671,OK
6/21/2018 2:00,132.130135,OK
6/21/2018 3:00,132.098698,OK
6/21/2018 4:00,133.447384,OK
6/21/2018 5:00,134.440724,OK
6/21/2018 6:00,136.106865,OK
6/21/2018 7:00,140.679773,OK
6/21/2018 8:00,144.416311,OK
6/21/2018 9:00,146.608896,OK
6/21/2018 10:00,151.117414,OK
6/21/2018 11:00,147.517643,OK
6/21/2018 12:00,146.555587,OK
6/21/2018 13:00,148.572438,OK
6/21/2018 14:00,149.432044,OK
6/21/2018 15:00,142.209883,OK
6/21/2018 16:00,148.217066,OK
6/21/2018 17:00,141.839677,OK
6/21/2018 18:00,141.323382,OK
6/21/2018 19:00,135.611537,OK
6/21/2018 20:00,133.577477,OK
6/21/2018 21:00,138.116565,OK
6/21/2018 22:00,134.995702,OK
6/21/2018 23:00,138.372399,OK
6/22/2018 0:00,133.44394,OK
6/22/2018 1:00,134.804708,OK
6/22/2018 2:00,133.349578,OK
6/22/2018 3:00,131.968804,OK
6/22/2018 4:00,131.376953,OK
6/22/2018 5:00,134.13075,OK
6/22/2018 6:00,138.740744,OK
6/22/2018 7:00,141.176972,OK
6/22/2018 8:00,144.024831,OK
6/22/2018 9:00,148.368618,OK
6/22/2018 10:00,151.598976,OK
6/22/2018 11:00,144.453153,OK
6/22/2018 12:00,141.43294,OK
6/22/2018 13:00,143.54165,OK
6/22/2018 14:00,142.336391,OK
6/22/2018 15:00,139.492739,OK
6/22/2018 16:00,141.281239,OK
6/22/2018 17:00,142.690384,OK
6/22/2018 18:00,146.150363,OK
6/22/2018 19:00,141.017987,OK
6/22/2018 20:00,138.707047,OK
6/22/2018 21:00,140.284369,OK
6/22/2018 22:00,141.674815,OK
6/22/2018 23:00,143.162623,OK
6/23/2018 0:00,135.738187,OK
6/23/2018 1:00,139.867193,OK
6/23/2018 2:00,132.111513,OK
6/23/2018 3:00,134.045977,OK
6/23/2018 4:00,140.756396,OK
6/23/2018 5:00,145.969559,OK
6/23/2018 6:00,142.094142,OK
6/23/2018 7:00,141.533409,OK
6/23/2018 8:00,139.194434,OK
6/23/2018 9:00,137.803934,OK
6/23/2018 10:00,143.344979,OK
6/23/2018 11:00,137.592777,OK
6/23/2018 12:00,135.43967,OK
6/23/2018 13:00,139.89608,OK
6/23/2018 14:00,140.395207,OK
6/23/2018 15:00,141.27459,OK
6/23/2018 16:00,141.68792,OK
6/23/2018 17:00,142.032129,OK
6/23/2018 18:00,139.28135,OK
6/23/2018 19:00,140.618963,OK
6/23/2018 20:00,138.471166,OK
6/23/2018 21:00,144.302753,OK
6/23/2018 22:00,137.02321,OK
6/23/2018 23:00,134.247852,OK
6/24/2018 0:00,136.236153,OK
6/24/2018 1:00,142.166873,OK
6/24/2018 2:00,129.787602,OK
6/24/2018 3:00,141.118078,OK
6/24/2018 4:00,139.587919,OK
6/24/2018 5:00,141.710868,OK
6/24/2018 6:00,140.132589,OK
6/24/2018 7:00,134.369161,OK
6/24/2018 8:00,140.330458,OK
6/24/2018 9:00,137.236687,OK
6/24/2018 10:00,138.633974,OK
6/24/2018 11:00,134.750417,OK
6/24/2018 12:00,135.655942,OK
6/24/2018 13:00,135.090766,OK
6/24/2018 14:00,137.397541,OK
6/24/2018 15:00,137.751592,OK
6/24/2018 16:00,138.58563,OK
6/24/2018 17:00,137.371369,OK
6/24/2018 18:00,126.381587,OK
6/24/2018 19:00,137.78005,OK
6/24/2018 20:00,142.737792,OK
6/24/2018 21:00,145.486545,OK
6/24/2018 22:00,142.799205,OK
6/24/2018 23:00,141.041461,OK
6/25/2018 0:00,156.884169,OK
6/25/2018 1:00,141.195052,OK
6/25/2018 2:00,141.659145,OK
6/25/2018 3:00,145.982922,OK
6/25/2018 4:00,145.363919,OK
6/25/2018 5:00,147.235857,OK
6/25/2018 6:00,151.978667,OK
6/25/2018 7:00,149.887847,OK
6/25/2018 8:00,154.268217,OK
6/25/2018 9:00,156.951107,OK
6/25/2018 10:00,157.234952,OK
6/25/2018 11:00,151.037244,OK
6/25/2018 12:00,149.050243,OK
6/25/2018 13:00,153.357282,OK
6/25/2018 14:00,158.550093,OK
6/25/2018 15:00,153.39468,OK
6/25/2018 16:00,153.374392,OK
6/25/2018 17:00,150.435976,OK
6/25/2018 18:00,151.666257,OK
6/25/2018 19:00,148.323295,OK
6/25/2018 20:00,152.850952,OK
6/25/2018 21:00,157.803658,OK
6/25/2018 22:00,157.929071,OK
6/25/2018 23:00,155.986143,OK
6/26/2018 0:00,151.059997,OK
6/26/2018 1:00,145.508375,OK
6/26/2018 2:00,144.156246,OK
6/26/2018 3:00,147.314292,OK
6/26/2018 4:00,145.769875,OK
6/26/2018 5:00,144.777362,OK
6/26/2018 6:00,150.409423,OK
6/26/2018 7:00,147.824806,OK
6/26/2018 8:00,155.093578,OK
6/26/2018 9:00,163.443927,OK
6/26/2018 10:00,169.590588,OK
6/26/2018 11:00,161.218554,OK
6/26/2018 12:00,176.850981,OK
6/26/2018 13:00,172.732444,OK
6/26/2018 14:00,152.02675,OK
6/26/2018 15:00,179.656224,OK
6/26/2018 16:00,179.725876,OK
6/26/2018 17:00,180.384258,OK
6/26/2018 18:00,181.56589,OK
6/26/2018 19:00,181.324483,OK
6/26/2018 20:00,177.137728,OK
6/26/2018 21:00,176.421609,OK
6/26/2018 22:00,170.714133,OK
6/26/2018 23:00,166.820882,OK
6/27/2018 0:00,169.746628,OK
6/27/2018 1:00,165.244261,OK
6/27/2018 2:00,165.639649,OK
6/27/2018 3:00,163.64995,OK
6/27/2018 4:00,163.6357,OK
6/27/2018 5:00,163.336648,OK
6/27/2018 6:00,164.686304,OK
6/27/2018 7:00,168.49746,OK
6/27/2018 8:00,171.70093,OK
6/27/2018 9:00,184.497199,OK
6/27/2018 10:00,192.195507,OK
6/27/2018 11:00,190.321014,OK
6/27/2018 12:00,190.760595,OK
6/27/2018 13:00,186.045555,OK
6/27/2018 14:00,187.142158,OK
6/27/2018 15:00,187.72352,OK
6/27/2018 16:00,182.68315,OK
6/27/2018 17:00,178.34189,OK
6/27/2018 18:00,181.3103,OK
6/27/2018 19:00,178.66601,OK
6/27/2018 20:00,180.00234,OK
6/27/2018 21:00,183.904702,OK
6/27/2018 22:00,183.625622,OK
6/27/2018 23:00,175.071081,OK
6/28/2018 0:00,172.462954,OK
6/28/2018 1:00,168.939819,OK
6/28/2018 2:00,168.298648,OK
6/28/2018 3:00,162.068049,OK
6/28/2018 4:00,156.940381,OK
6/28/2018 5:00,163.80154,OK
6/28/2018 6:00,168.633908,OK
6/28/2018 7:00,172.241608,OK
6/28/2018 8:00,167.208552,OK
6/28/2018 9:00,179.800828,OK
6/28/2018 10:00,172.543907,OK
6/28/2018 11:00,184.443703,OK
6/28/2018 12:00,184.264827,OK
6/28/2018 13:00,186.57215,OK
6/28/2018 14:00,190.844452,OK
6/28/2018 15:00,185.325678,OK
6/28/2018 16:00,169.971441,OK
6/28/2018 17:00,167.02725,OK
6/28/2018 18:00,172.511358,OK
6/28/2018 19:00,164.382129,OK
6/28/2018 20:00,171.124171,OK
6/28/2018 21:00,176.889493,OK
6/28/2018 22:00,167.803094,OK
6/28/2018 23:00,170.119993,OK
6/29/2018 0:00,170.604538,OK
6/29/2018 1:00,167.345221,OK
6/29/2018 2:00,169.375173,OK
6/29/2018 3:00,169.069606,OK
6/29/2018 4:00,169.066452,OK
6/29/2018 5:00,167.925746,OK
6/29/2018 6:00,169.395107,OK
6/29/2018 7:00,172.219837,OK
6/29/2018 8:00,178.429794,OK
6/29/2018 9:00,185.250352,OK
6/29/2018 10:00,186.14051,OK
6/29/2018 11:00,187.45647,OK
6/29/2018 12:00,185.27987,OK
6/29/2018 13:00,186.77234,OK
6/29/2018 14:00,189.53433,OK
6/29/2018 15:00,195.185472,OK
6/29/2018 16:00,201.64411,OK
6/29/2018 17:00,204.84306,OK
6/29/2018 18:00,175.81515,OK
6/29/2018 19:00,170.37583,OK
6/29/2018 20:00,189.369107,OK
6/29/2018 21:00,189.093946,OK
6/29/2018 22:00,191.833758,OK
6/29/2018 23:00,195.333029,OK
6/30/2018 0:00,184.874352,OK
6/30/2018 1:00,192.16152,OK
6/30/2018 2:00,191.080994,OK
6/30/2018 3:00,186.861653,OK
6/30/2018 4:00,185.850058,OK
6/30/2018 5:00,184.948837,OK
6/30/2018 6:00,186.76693,OK
6/30/2018 7:00,190.409687,OK
6/30/2018 8:00,182.35666,OK
6/30/2018 9:00,181.974594,OK
6/30/2018 10:00,191.510928,OK
6/30/2018 11:00,190.253458,OK
6/30/2018 12:00,187.822626,OK
6/30/2018 13:00,195.130523,OK
6/30/2018 14:00,192.382835,OK
6/30/2018 15:00,187.041072,OK
6/30/2018 16:00,196.74333,OK
6/30/2018 17:00,191.892707,OK
6/30/2018 18:00,194.295084,OK
6/30/2018 19:00,192.034934,OK
6/30/2018 20:00,187.3835,OK
6/30/2018 21:00,192.96469,OK
6/30/2018 22:00,195.371242,OK
6/30/2018 23:00,178.887355,OK
